0.0658478198224614,0.0441083584046056,0.0569992304719113,0.0323058953444975,0.111087255034814,0.0179992953044895,0.0816667446709671,0.0721050851167357,0.0901792461407811,0.157015393018753,0.0354728923822488,0.148545236391708,0.0005883312692108,0.0601439129539623,0.0222713914933356,0.0295900836056529,0.0201591113712661,0.0217243640702628,0.0204706508829871,0.0259128371359149,0.0618849801572774,0.0824208526485154,0.115998935330318,0.0504335792431846,0.0225508564246567,0.0370526482904454,0.00534342112187208
0.0668671172355659,0.0455835992527227,0.0582167443177822,0.0329263976534116,0.112577478678108,0.0182530807337977,0.0832950126794694,0.0742461334293811,0.0940411467293279,0.161955138544807,0.0392544808075869,0.151067118374595,0.000659325211121922,0.0423156180276589,0.0189529142228982,0.0246269746753454,0.0189651142618119,0.0203773512762029,0.0199061820147611,0.0253894943574037,0.0606887913192517,0.0654483223539268,0.109417053341587,0.0420668771275025,0.020561761942877,0.0362274904030726,0.0050130122371422
0.0679073460649754,0.0470815209294162,0.0594222905833624,0.0335558858713188,0.114187998231245,0.018510402596264,0.0849232038505188,0.0762761039127506,0.0979092633129549,0.166252123590227,0.0433458081914153,0.153139839257756,0.000728589285817387,0.0248701384896327,0.0160133825348147,0.0195719885610137,0.0176488393347301,0.0190122352820876,0.0192523658986368,0.0247287555516284,0.0600274017266627,0.0499270654291737,0.102136946577615,0.0367588016167892,0.0183652866648576,0.0357494293216463,0.00470244618693673
0.0689739628669162,0.0485940488335901,0.0606236622077757,0.0341966277313591,0.115936370509537,0.0187734195329181,0.0865402623348755,0.0781865888523742,0.101780282807249,0.169945623133958,0.0477688360363929,0.154856232100297,0.000806702943176724,0.00927684094142123,0.0137558068370009,0.0144583438536519,0.0162126032278986,0.0176604257938699,0.0184966255638876,0.0239192097167017,0.0598923614568729,0.0379362817487783,0.0942227608536208,0.0351284050825957,0.0160339996331114,0.035599667596529,0.00442158692637416
0.070072233608649,0.0501129646145725,0.0618286282747509,0.0348508787423128,0.11783387976261,0.0190437868248767,0.0881362296511232,0.0799764157739622,0.105653170502746,0.173099381917065,0.0525414818931136,0.156307149435792,0.000907309930373334,0.00173342411528645,0.0125468433290229,0.00933010747289198,0.014665574891221,0.0163576939073412,0.0176261815300606,0.0229522036930294,0.0602533105217291,0.0324824776162801,0.085742918815034,0.0369724782744351,0.0136404330932474,0.0357295701922198,0.00416951129506242
0.0712069905676867,0.0516302812835471,0.0630446915160515,0.0355207747342925,0.119883904703012,0.0193225747434324,0.0897022066178133,0.0816515349373548,0.109528789462203,0.175797056499072,0.0576763836150903,0.157574578832119,0.00104771635729277,0.0102425272911868,0.012659905980888,0.0042789736942025,0.0130261499182965,0.0151445522810231,0.0166290872864535,0.0218218908593693,0.0610641156652875,0.0352715816581477,0.0767708897039381,0.0412827941178917,0.0112528507961343,0.0360691573787874,0.00393747753591325
0.0723823654968375,0.0531386814808868,0.0642788560623397,0.0362082029841882,0.122080715543289,0.0196102385533489,0.0912302955768916,0.0832242636363949,0.113409365745544,0.178135944961677,0.0631798062664881,0.158725801172672,0.00124972918237525,0.0262929091952027,0.014070504512111,0,0.0113253768642388,0.0140662755897121,0.0154953076200604,0.020525040734921,0.0622694617341564,0.0441936899273309,0.0673861563220372,0.0469494625253167,0.00893221153165352,0.0365384520743236,0.0037136346199741
0.0736015097389136,0.0546319550990439,0.0655373841461966,0.0369146533250313,0.124408829658247,0.0199066412980821,0.0927135612664321,0.0847119080439328,0.117297851781188,0.180219259897526,0.0690507802331387,0.159809013103602,0.00154031617490551,0.0441671071849605,0.0164781265476531,0.00217688315071192,0.00961220412766748,0.0131716967881316,0.0142177578146554,0.0190607266521197,0.063810509661904,0.0558947279653577,0.0576756020031569,0.0531878722233521,0.00673087479295208,0.0370584489536182,0.00348695336739943
0.0748663135138679,0.0561053731417012,0.0668255278807102,0.0376410548298332,0.126843037214507,0.0202111259611392,0.0941460194510438,0.086134842898553,0.121197241957253,0.182147336730453,0.0752805564350066,0.160850579592456,0.00195132945947958,0.0624927379981314,0.0195203992489508,0.00697051177613447,0.00796158445959032,0.0125096083837845,0.0127932428712473,0.0174300191339979,0.0656287808942349,0.068209415419368,0.0477361714928524,0.0595387096706241,0.00469450095676226,0.0375595055640597,0.0032489119977602
0.0761771382600841,0.0575559512658843,0.0681472366065378,0.038387606979317,0.129349183295178,0.0205226296939987,0.0955226444112222,0.0875141777198197,0.125109867413871,0.184008289365934,0.0818524534855991,0.161853824570572,0.00251773831506139,0.0808078926561747,0.0229089339585533,0.0118522194966039,0.00648559968025299,0.0121220135895915,0.0112232971191956,0.0156358450148412,0.0676680461316109,0.0800426764643951,0.0376815553630081,0.0657547852506078,0.00287397436340569,0.0379864775661439,0.00299312935467939
0.0775325775109707,0.0589825791308599,0.0695048568091163,0.0391536162288464,0.13188574476309,0.0208398270353406,0.0968393896122473,0.0888691821819248,0.129036658991391,0.185868756072977,0.0887421478024738,0.162799092597354,0.0032746978860495,0.0988702138061537,0.026444925030458,0.0166566964730769,0.00534204456924936,0.0120352793946984,0.00951507729782893,0.0136831982111809,0.0698744841773207,0.0908705451450572,0.0276628467517372,0.0717122418784992,0.00139756082479321,0.038301022552651,0.00271432044507982
0.078929261721036,0.0603860105195557,0.0708988520125317,0.0399373494121225,0.134406161216356,0.0211612814439057,0.0980932294971019,0.0902146855680709,0.132976346588169,0.187765510628378,0.0959184211081706,0.163644770673083,0.0042545659354357,0.116506189020544,0.0299946853115039,0.0213393846633166,0.00471897179571328,0.0122528125428062,0.00768281455851109,0.0115798964752518,0.0721956628357196,0.100468058019106,0.017949220753248,0.0773573124581369,0.00091889194253925,0.0384819097294772,0.00240812065965909
0.0803617240558153,0.0617687210221259,0.0723275712767813,0.0407359141973457,0.13686177022416,0.0214855799582897,0.0992822352267702,0.091558693481651,0.136924571077029,0.18969879665444,0.103344354275798,0.164329033632204,0.00548482120089499,0.13356837838127,0.0334664588304488,0.0258769495790409,0.00476457787031076,0.0127534826274584,0.0057512903494547,0.00933816506393516,0.0745789821225657,0.108781235969239,0.00937545126255924,0.0826756822359038,0.00173738032024869,0.0385240921620305,0.0020725099068857
0.0818223522869196,0.0631346457798693,0.073787091400853,0.0415451750602035,0.139205064689741,0.0218114306824938,0.100405684010966,0.0929004664592064,0.140872921157007,0.191628220786936,0.110978952984591,0.164772215914571,0.00698705045546784,0.149921281205383,0.0367955568540023,0.0302539982608892,0.0054938222925543,0.0134968079911781,0.00376621527103719,0.00697789214767305,0.076970153734663,0.115860925594821,0.00603385074409895,0.0876742420749865,0.00274671396567657,0.0384370295018104,0.00171043532709496
0.083301463991042,0.0644888105940773,0.0752711544790582,0.0423597127348632,0.14139287764792,0.0221377152651309,0.101464175404472,0.0942292833150505,0.144807964716077,0.1934718807084,0.118779182574213,0.16487985608529,0.0087766813680016,0.165436689597945,0.0399357383590491,0.034459432381851,0.00678320702166041,0.014431676872251,0.00183172412679843,0.00453523702731892,0.0793121345913167,0.12182255585738,0.0116748572939634,0.0923695683245402,0.00365806499636991,0.038242475127185,0.00133262253897428
0.0847875474056149,0.0658368682570108,0.0767712191516775,0.043172834677269,0.143389088896758,0.0224634983540117,0.10245970218201,0.0955240790143522,0.148710395767952,0.195109119147195,0.126702347800549,0.164546551031452,0.0108631991766401,0.179992799772388,0.0428542303129215,0.0384846275296264,0.00845961022928244,0.0155043261213717,0.000270446369802739,0.00209707003895307,0.0815447576756155,0.12681780088421,0.0199632137474469,0.0967803098534286,0.00443250670783661,0.0379717079600293,0.000959667073301562
0.0862676991487202,0.0671845547808481,0.078276638117973,0.0439766410633801,0.14516658103686,0.0227879978559127,0.103395615851172,0.0967541065811475,0.152554430473002,0.196386938408168,0.134708686130632,0.163660749333507,0.0132508333121978,0.193475099766749,0.0455286477286911,0.0423220667458312,0.0103730732404593,0.0166634227063908,0,2.63076103973971e-05,0.0836051639260097,0.131012868968228,0.028457661821728,0.100922169432739,0.00506778489491626,0.0376620215822865,0.000622663138605879
0.087728264138223,0.0685370954235795,0.0797749650043395,0.0447621465799045,0.146708377242303,0.0231105193688635,0.10427644955599,0.0978807217314656,0.156307554739645,0.197129754163421,0.142763985896037,0.162110498536156,0.0159398401825529,0.205778253734916,0.0479448134396182,0.0459641927381796,0.0124155329465374,0.0178624315004399,0.00135309049017648,0,0.0854290459465487,0.134571635710109,0.0366527692549295,0.104804864718081,0.00556935109092623,0.037352261458512,0.000360962574442111
0.0891556524729078,0.0698986185004161,0.0812523823364575,0.0455194571505526,0.148008041984063,0.0234303620644924,0.105107605523894,0.0988603237891987,0.159930679653692,0.197151881705683,0.150842019852544,0.159789977547155,0.0189285018769676,0.216808587534241,0.0500949786658489,0.0494025024615559,0.0145137640010098,0.019060403260595,0.00337387099932637,0.00212599750142636,0.0869526446069754,0.137643247284126,0.0443634689058958,0.108430696689315,0.00594420831060815,0.0370774030030716,0.00021441528922945
0.0905372822992109,0.0712716616351118,0.0826942334767012,0.0462380030688637,0.149069471028078,0.0237467103710603,0.105894953978843,0.0996483990781345,0.163378727370676,0.196271969453223,0.1589266074215,0.156606458803164,0.0222158650727184,0.226486861717301,0.0519762519219362,0.0526269445837442,0.0166186878194202,0.0202222037409374,0.00558693007695729,0.0047217405245974,0.0881153761068335,0.140354211696967,0.0514880937105577,0.111794399827786,0.00619955644406669,0.0368625695361497,0.000209237192613129
0.0918625814773201,0.0726568615291081,0.0840856394121433,0.0469068303966289,0.149906189427412,0.0240585300263127,0.106644404747098,0.100204496593917,0.166601654584257,0.194328504985612,0.167013171534119,0.15248721211491,0.0258050992493415,0.234750961945506,0.0535891898572481,0.0556256449469226,0.0186973567114841,0.021318755648311,0.00784493512788472,0.00740624332884355,0.0888629194012378,0.142804808566739,0.0579597618632843,0.114883969723415,0.0063431111161911,0.0367173556634272,0.000345103475734535
0.0931239727987444,0.0740528995455425,0.0854121863577661,0.0475149472319787,0.15054027283532,0.0243644855592987,0.107361502136969,0.100497829913604,0.169545914210255,0.191195482424546,0.17510970675828,0.147385810438168,0.0297071754983505,0.241558016728405,0.0549365473510247,0.0583849274825915,0.0207277869860727,0.0223274609102304,0.0100864284155265,0.0100894559666945,0.0891505706333529,0.145069225048961,0.0637330270920393,0.117682220172752,0.00638420644359931,0.0366316135874213,0.000595801624629969
0.0943177643247867,0.0754567411792784,0.0866606756567788,0.0480517138575566,0.151001019288242,0.0246628916299808,0.108051074176651,0.100513060934688,0.172156349614175,0.186797333596708,0.183237112671047,0.141287327318006,0.0339443819239165,0.246885397569862,0.0560221971071351,0.0608895471103245,0.0226956931370686,0.0232327134160904,0.0122775224908395,0.0127343081204846,0.0889466559631165,0.147198454552368,0.0687795028417334,0.120168888821124,0.00633525545527093,0.0365737434049388,0.000923224566241879
0.0954448702845938,0.0768641688222539,0.0878199256850624,0.0485072615723161,0.151323507897696,0.0249517064390154,0.108716954497994,0.100255679415722,0.174378503019504,0.181122300427118,0.191428903811139,0.134212012460767,0.038553048545188,0.250730240120979,0.056850251446724,0.0631230313690324,0.0245923395734482,0.024026299124992,0.0143969590443693,0.01532086129733,0.0882357706947867,0.149224792003932,0.0730861284375047,0.122323140137361,0.00621326321047074,0.0364919488919279,0.00129213930193263
0.096511298394695,0.0782705696785438,0.0888816064475964,0.0488729250784218,0.151547163025412,0.0252285711555084,0.109361792310234,0.099756239170554,0.176161298321254,0.174233542471928,0.199730406414858,0.126217172440328,0.043584823497909,0.253107561615201,0.0574244391927772,0.0650680514830774,0.0264130269676282,0.0247074763163506,0.0164315440147148,0.0178374998857648,0.0870215952187422,0.151166721765568,0.0766541443532949,0.124126289068505,0.00604107342425274,0.0363181304201292,0.00167814326552272
0.0975283426848963,0.0796719051590357,0.0898410775782238,0.0491416742299271,0.151714388463061,0.0254908919823705,0.109986964387229,0.0990725710076373,0.177460040008151,0.166277379175741,0.208197642850399,0.117397135968233,0.0491059897862617,0.254047502916436,0.0577477764685754,0.0667068030164271,0.0281559395853908,0.0252825890935857,0.0183744505327609,0.0202775412386695,0.085329053382722,0.153033131060494,0.079498062226227,0.12556452545003,0.00584790254902582,0.0359734957418365,0.00206968215968174
0.0985124078063278,0.0810657537079547,0.0906981906821457,0.049308530891059,0.151869268886276,0.0257359523935197,0.110592594432771,0.0982890326468771,0.178239668628429,0.15748808139176,0.216896108442124,0.107881321386995,0.0551946602866267,0.253592430713194,0.0578225243060961,0.0680214423020154,0.0298211987339239,0.0257641501522997,0.0202242646788921,0.0226373840349465,0.0832056281228115,0.154826110266661,0.0816443157748822,0.126631413308157,0.00566854938194953,0.0353748126248851,0.0024667714563863
0.0994843774726113,0.0824522887251871,0.091458001210515,0.049370956600824,0.152056285170153,0.0259610383068912,0.111177672138505,0.09751197394252,0.178478219579292,0.14818839700156,0.225899542464146,0.0978305441035553,0.0619361761166961,0.251794562462066,0.0576503864786541,0.0689946621082923,0.0314100394639514,0.0261694115950475,0.0219840689021803,0.0249152974826524,0.0807217013740534,0.156542086736942,0.0831294655113043,0.127329972096845,0.00554070162763081,0.0344404313498171,0.0028777991382047
0.100468453708633,0.0838350350550439,0.0921313117806044,0.0493291965216742,0.152318960671694,0.0261635609223146,0.111740253564865,0.0968610049966826,0.178170419771701,0.138784243322015,0.235288638864009,0.087431817868009,0.069417508952343,0.24871456286818,0.0572328911781608,0.0696104802556076,0.0329240820916827,0.0265185260061875,0.023660350082276,0.0271105897159165,0.0779697954117588,0.158171564663469,0.0839979687611579,0.127674180542232,0.00550046305424075,0.0330955484242823,0.00331506758314435
0.101490447037795,0.0852212470440983,0.0927349475121027,0.0491865618963667,0.152698342888145,0.0263411675321078,0.112277715412797,0.0964564491011109,0.177331305461057,0.129750416226474,0.245149490977508,0.0768920379724821,0.0777217424300543,0.244421314045088,0.0565719082577666,0.0698552704345661,0.0343647069493654,0.0268324826796751,0.025261729180759,0.0292230510682398,0.0750625364844903,0.159698120575493,0.0842996279971557,0.127689785530125,0.00557786426454587,0.03127650017514,0.003789936829967
0.102575579761929,0.0866217696037173,0.093291654381179,0.0489496252269712,0.153231242572954,0.0264918373693172,0.112787027108647,0.0964045072253377,0.175999642222081,0.12160191000164,0.255571442183916,0.0664311125595748,0.0869236459256223,0.23899280227579,0.0556702585574445,0.0697190176761112,0.0357325509510535,0.0271310646943963,0.0267976030818087,0.031252612145,0.0721290619674744,0.161097400174512,0.0840868835544892,0.127414385480541,0.00579557459633578,0.0289341244846648,0.00430880605899852
0.103745954468964,0.0880502858086745,0.093829514003311,0.0486282930548068,0.153948220610193,0.0266139661687138,0.113265005436545,0.0967828441230152,0.174240782974062,0.114844309919251,0.266643949941686,0.0562753609441651,0.0970869594466002,0.232517791260298,0.0545323607520982,0.0691967514340298,0.0370271339097506,0.0274310895932251,0.0282768309380572,0.0331991683562369,0.0693095097934436,0.162336760232412,0.0834121362521217,0.126896856496944,0.00617282868721305,0.0260364615694247,0.00487097878590291
0.105017922831986,0.0895219267605295,0.0943807825197053,0.0482357180438541,0.154871428440616,0.0267064460806057,0.113708532717659,0.0976299236589285,0.172148442292784,0.109901291997283,0.278452117250342,0.0466523744704117,0.108263435384252,0.2250977025699,0.0531648361614138,0.0682900764641235,0.0382466106008691,0.0277451623893564,0.0297066102919827,0.0350625269139578,0.0667472485537246,0.163376124729207,0.0823252848415963,0.126196224841018,0.00673232629301353,0.0225714244218893,0.00546865197551988
0.10639965533158,0.0910513154711208,0.0949800992073686,0.0477880198699269,0.156012528745108,0.0267687447358759,0.114114738989964,0.0989408819531178,0.169844714334126,0.107032277947106,0.291070734473443,0.0377891006783474,0.120493147294554,0.216847996197802,0.0515769799025872,0.0670086548944384,0.0393876447032615,0.0280810847366781,0.0310916703501631,0.0368424386236625,0.064578762498853,0.164170665642253,0.0808716419110121,0.125380066866374,0.00750441232043751,0.0185510776955499,0.00608850725276074
0.10788924480305,0.0926502168456452,0.0956620845116771,0.0473038001210645,0.157370988152097,0.0268009821636247,0.114481154347421,0.100670971912079,0.16747752615509,0.106273257415695,0.304556988743287,0.0299155129228021,0.133805237511923,0.207898423893443,0.0497810437098314,0.0653714246823272,0.0404454080369406,0.0284419406588276,0.0324338584382196,0.0385386868959852,0.062921762410343,0.164675865945049,0.0790903577598253,0.124522499645254,0.0085239999889481,0.0140234851952817,0.00671410996490929
0.109473654069074,0.0943250523322925,0.0964584513701859,0.0468034533627902,0.158933009849367,0.0268040014535676,0.114805829233321,0.102745349063728,0.165214649762896,0.107436499683036,0.318942387631833,0.0232751505926605,0.148218185539288,0.198391774565068,0.0477923590899966,0.0634073536993966,0.0414137100277861,0.0288267544937302,0.0337321234424201,0.0401512140966695,0.061863152746581,0.164855067558148,0.0770134536077722,0.12370181244363,0.00982067960500535,0.00912509828982479,0.00732836792220287
0.111128725005955,0.0960745966125132,0.0973948667057119,0.046308292694162,0.160671279706555,0.0267794279717277,0.115087411856027,0.105072260528255,0.163233532771597,0.110174787747576,0.334224816463053,0.0181324194902224,0.163738806338741,0.188481009312057,0.0456294078861524,0.0611556342620395,0.0422852543163686,0.0292315346484807,0.0349828314611295,0.0416802613452232,0.0614495070076401,0.164688717121052,0.074665546525769,0.122997737481205,0.0114069314258876,0.00450590773122089,0.00791548915227139
0.112820310341108,0.0978881868729675,0.0984878972927225,0.0458395271488233,0.162545579344154,0.0267297096690874,0.115325173869321,0.107556227681208,0.161706740488431,0.114076436161425,0.350361874254996,0.0147224747633697,0.180359470845975,0.178324928022254,0.0433139765625025,0.0586653197607533,0.0430520083152789,0.0296504906594661,0.0361803067257027,0.0431264859329879,0.061682850382788,0.164183547412673,0.0720643154248887,0.122488286228072,0.0132696658495907,0.00462119165038195,0.00846220508024781
0.114506410118903,0.0997447271918702,0.0997424272944153,0.0454171543174228,0.164504214029707,0.0266581269346484,0.115518986053876,0.110108504033426,0.16078383172807,0.118747263751955,0.367266612376699,0.0130483146572045,0.198053421157809,0.168082762225887,0.0408715130186028,0.0559944242968598,0.0437056630440359,0.0300772220552322,0.0373174842896092,0.0444910154954909,0.0625232476911829,0.163379380019912,0.0692216863544516,0.122246088668748,0.015367128812438,0.0099460250383427,0.00895834244878054
0.116140050248802,0.10161266640026,0.101149915618215,0.0450588630330673,0.166486140835107,0.0265687564726788,0.115669252546931,0.112653360221249,0.160571844894237,0.123856695874342,0.384806530226896,0.0126672189441505,0.216768469040489,0.157908362979454,0.0383317626049847,0.0532084964650879,0.0442381558168582,0.0305057090497989,0.0383865811102002,0.0457754068362251,0.0638974037876544,0.162351445439183,0.0661456154947064,0.122334346104266,0.0176302414156038,0.0162231561119709,0.00939697746039437
0.11767256902752,0.103450993798551,0.102687761601166,0.0447790661104931,0.168423671390736,0.0264663736800762,0.115776806509512,0.115130000253972,0.161117754637206,0.129149645943691,0.402806249859713,0.0128879068041068,0.236419746500889,0.147944835024274,0.0357297066887767,0.050378702083395,0.0446422278523449,0.0309309876328644,0.0393797191414501,0.0469814971839644,0.0657105568234263,0.161206977991998,0.0628422657928149,0.122802749860439,0.0199666762389796,0.0227431258931632,0.00977442163169124
0.119056973777207,0.105211164549803,0.104319888240449,0.0445881849293621,0.170245639706397,0.0263562843501122,0.115842761070504,0.117490825490029,0.162396636918404,0.13443690624696,0.421053813247548,0.0131648324718693,0.256882452936211,0.138320403959748,0.0331067762982819,0.0475794831741196,0.044911992365759,0.0313494647971515,0.0402894549431932,0.0481111645244837,0.0678584803023902,0.160075865224236,0.0593183602907197,0.123683841008737,0.0222665797299448,0.0292807395067651,0.0100902142642228
0.120251064903685,0.106839759991942,0.105998474566148,0.0444922779688686,0.171880922802825,0.0262440868080018,0.115868314173114,0.1196972806352,0.164308455256229,0.139576704655469,0.439310118726014,0.0132158253028761,0.277985676618945,0.129145979801131,0.0305122679621029,0.0448858432079845,0.0450434902217134,0.0317589074038303,0.0411091873828043,0.049166044228433,0.0702373535436163,0.159096045584217,0.0555835664220345,0.124990257149649,0.0244095199837698,0.0356738163712169,0.0103471073843583
0.121220079519876,0.108281620921492,0.107666619293177,0.0444930513939022,0.173262150412546,0.0261353764935949,0.115854524303878,0.121714708531035,0.166684525626036,0.144456083090909,0.457320694205328,0.0129489117791697,0.299508356582027,0.120514502612585,0.0280047973351362,0.0423702453232759,0.045035203350269,0.0321581945527979,0.0418334351931365,0.0501472629098412,0.0727507089158901,0.158395444447114,0.0516528755496931,0.126713238891069,0.0262724909000908,0.0417742091486545,0.0105507704056867
0.121938676011091,0.109483165386013,0.109261627624925,0.0445882257565147,0.174329354965823,0.026035415327173,0.115802086798244,0.123507575920617,0.16930254401603,0.148976814255202,0.474828808669222,0.0123788883198431,0.321178314204845,0.11250195216008,0.025653383257835,0.040099082256312,0.0448884877638398,0.0325469418516591,0.0424580010074657,0.0510552383395741,0.0753137741999228,0.15807371372854,0.0475490217108812,0.12882266653818,0.0277387190416583,0.047440229124022,0.0107088489043479
0.122392157167521,0.110395611484107,0.110718584618905,0.0447721717895379,0.175033242832006,0.0259487961742915,0.115711135714171,0.125036146044712,0.171907419468527,0.1530476571458,0.491588838362699,0.0115746420252257,0.342675050428745,0.105169861222844,0.023537272295335,0.0381287952652004,0.0446078921011736,0.0329250929823152,0.0429800629846171,0.05188957467887,0.0778560015787645,0.158188182873157,0.0433050207899625,0.131268701859058,0.0287067932100552,0.0525375312926643,0.0108294014219505
0.122576899994302,0.110977862548008,0.111973898638974,0.0450366822202234,0.175337758135448,0.0258791368006855,0.115581082335542,0.126255221859192,0.174234554180777,0.156582766934864,0.507378819494582,0.0106284055985884,0.363636700525413,0.0985690741409112,0.0217429447810545,0.0365020352777414,0.0442013405121732,0.0332925474404904,0.0433982477066407,0.0526490746317901,0.0803225379818312,0.158748017256367,0.0389669849409969,0.133984860317702,0.029099392782552,0.0569425602078358,0.0109195031635605
0.122500017265576,0.111198866364832,0.112968556745547,0.0453717290132175,0.175221680690957,0.0258288372690691,0.115410491479644,0.12711508409061,0.176032584709688,0.159504845118356,0.522011229072413,0.00963624497307108,0.383671178465749,0.0927442059573076,0.0203563437025203,0.0352446474034689,0.0436801616738089,0.0336488661474447,0.0437127282385176,0.0533318852487394,0.082675094832747,0.159718210647773,0.0345975837378223,0.136892165433019,0.0288706651559977,0.0605469597516285,0.0109851159263395
0.122178320857937,0.111039321395318,0.113650917984903,0.0457660761995965,0.174679140085263,0.0257989279657718,0.115196995259623,0.127564336967942,0.177083476199753,0.161751030710171,0.535341225391286,0.0086835837267217,0.40237114649834,0.0877378712597467,0.0194493989888816,0.0343644138976328,0.0430589358005076,0.0339930758514001,0.0439253619364977,0.0539357740577155,0.0848923303846045,0.161031751995225,0.030280930257778,0.139903990911361,0.0280111571669869,0.0632622821730484,0.0110324412760012
0.121636695663018,0.110492664231181,0.113978954928287,0.0462076733122478,0.173719101749542,0.0257890223711715,0.114937248161626,0.127554122341429,0.177218762483455,0.163279476165476,0.547271838425937,0.00783311556050868,0.419332068205369,0.0835934727643008,0.0190635837065418,0.0338521445991274,0.0423551263883597,0.034323581286973,0.0440398476254986,0.0544585000290952,0.0869696135313764,0.162605806663372,0.0261301777444648,0.142931198482379,0.02654933147877,0.0650245600451973,0.0110695152688215
0.120906029300499,0.109565328861648,0.113921913299348,0.0466838242157554,0.172364023114858,0.0257973736121667,0.1146269336552,0.127043055287253,0.176331393813738,0.164074869510654,0.557755918879768,0.00711567605120596,0.434172318095695,0.0803553961742884,0.0191980470771329,0.0336849271105263,0.0415884755649006,0.0346381863798943,0.0440618532757558,0.0548982150573732,0.0889179658474334,0.164357131354164,0.0222991539059716,0.145887133075724,0.0245492513459592,0.0657983542234136,0.011106364691978
0.120020874414423,0.108276315987872,0.113461389669183,0.0471811883311296,0.170647926827727,0.0258210206989756,0.114260836522938,0.126002224884274,0.174383046404083,0.164151691866354,0.566794990238134,0.00652746149739283,0.446554153776926,0.0780660267030953,0.0198102239346542,0.0338305839486342,0.0407801682842508,0.0349342183955303,0.0439990490363427,0.0552538160936123,0.0907620524572584,0.166213118985175,0.0189965449741353,0.148691961582016,0.0221048205036004,0.0655799089069108,0.0111531712925997
0.11901703902931,0.10665614712067,0.112591840904722,0.0476857110019477,0.168614096623836,0.0258560006180564,0.11383299016792,0.124419664045333,0.171406923393693,0.163554593809403,0.574435424200219,0.00603677377787036,0.456204279800807,0.0767600349015215,0.020829512743584,0.0342520968898875,0.039951805771417,0.0352087460005332,0.0438609807970102,0.0555251749948299,0.0925372309261345,0.16811696233558,0.0164887374069078,0.151275864470998,0.0193315978095839,0.0643990918318494,0.0112173659018302
0.117929299874615,0.104745302092225,0.111320548102831,0.04818259044891,0.166312541715434,0.0258975974944165,0.113336892444622,0.122303805148663,0.167506120134585,0.162355825299664,0.580762527469037,0.00559862345317833,0.46293271458707,0.0764574656236858,0.0221761459124482,0.0349110464698267,0.0391242699873131,0.035458887779814,0.043658743385998,0.0557132104575409,0.0942858138455345,0.170027449708579,0.0150508233263966,0.153580792283088,0.0163574283237963,0.062319882447443,0.011301067729344
0.116789411065063,0.102592249926474,0.109667064949373,0.0486563700210211,0.163797355748602,0.0259406006528772,0.112765766138631,0.119685573723245,0.162847601315738,0.160650093396188,0.585893199094698,0.00517045165166223,0.466648691441819,0.0771577059865395,0.0237762348969651,0.0357696938574244,0.0383165995789338,0.0356822151468618,0.0434044617509462,0.0558198221962523,0.0960528353350074,0.171915326018353,0.0148301463645327,0.155560798960073,0.0133130492444938,0.0594392787155336,0.0113997470178821
0.115624534309633,0.100251183602587,0.107662187372076,0.0490912035171177,0.161124102147508,0.0259795479849317,0.112112833467403,0.116618894573663,0.157651788260429,0.158547526361634,0.589967824180131,0.00472267760791519,0.467372351100227,0.0788360404619726,0.025569094735853,0.0367918468602374,0.0375450176218911,0.0358772487024017,0.0431106456959431,0.0558477522660504,0.0978817075255278,0.173758936017277,0.0157173577860933,0.157181197356817,0.0103236759943508,0.0558846157430939,0.0115022910439622
0.114456153828884,0.097779563043002,0.105346494478977,0.0494712930596221,0.158347341105539,0.0260089378448859,0.111371581557522,0.113179477083473,0.152177753273684,0.156165596477355,0.593142024669017,0.00424237237350509,0.465241013561229,0.0814433944215679,0.0275078703350265,0.0379429164190238,0.0368222430555072,0.036044020092368,0.0427895195503832,0.0558004524612745,0.0998101712437082,0.17554188152858,0.0173992440500721,0.158416897431814,0.00750260032757621,0.0518094048279602,0.0115924826560183
0.113299480354955,0.0952355618400255,0.10276853266184,0.0497814589119154,0.155518367936481,0.0260234030484869,0.110536011171671,0.109461812899435,0.146704192499273,0.153620904802982,0.595578792999435,0.00373189528237463,0.460508927679419,0.0849086396393808,0.0295562968222322,0.0391895924258266,0.0361571850239762,0.0361846274504135,0.0424524287265683,0.0556820193472653,0.101866868367389,0.177254196854064,0.0195312786708336,0.159250377570894,0.00494877318442766,0.0473878488446536,0.0116520373405522
0.112163310828374,0.0926755050838172,0.0999827354262381,0.0500077764335717,0.152683204366178,0.0260178541918299,0.109600872106627,0.10557437451297,0.141506869993906,0.15102166630388,0.597441391955167,0.00320500973104136,0.453539706151125,0.0891421359693984,0.0316841349376008,0.0404994521232789,0.035555069566868,0.0363036737777866,0.0421094018290432,0.0554972158316553,0.10406871244568,0.178896227634142,0.0218428587228612,0.159669838599618,0.00275713211919143,0.0428080982317161,0.0116649888903764
0.111050291387102,0.0901513833138414,0.0970471805896465,0.0501382054592455,0.149880906727151,0.0259876092754986,0.10856188753482,0.101633084133856,0.136834225175183,0.14846157230106,0.598887225302839,0.0026821749181929,0.444791209748713,0.0940392771120163,0.0338629473839467,0.0418406692865598,0.0350179866210127,0.0364084683222456,0.041768914023767,0.0552515483952446,0.106419062783603,0.180482406793545,0.0241495536517856,0.159668049364885,0.0011190531458731,0.0382640351880679,0.0116222748264349
0.109957521818398,0.0877085367330184,0.0940212891457279,0.050163137706156,0.147142294653608,0.0259285252731617,0.107415960661739,0.0977532875766172,0.132884213040137,0.146015482335109,0.600062710569005,0.00218576386239811,0.434793366898699,0.0994834521423511,0.0360630982273603,0.0431818871004687,0.0345457821399573,0.0365088983293043,0.0414378575101511,0.0549513455656598,0.108906581420588,0.182041915591737,0.0263309736752664,0.159242093353873,0.000909378352983129,0.0339448971994898,0.0115248570895714
0.108877436414342,0.0853836248979229,0.0909635788057071,0.0500757979307738,0.144489201686639,0.0258371364556096,0.106161351880554,0.0940407609585457,0.129786636938048,0.143737138517333,0.601099081732795,0.00173538349766158,0.424120152429156,0.105348520230411,0.0382522726814867,0.0444922716802759,0.0341371683231087,0.0366169323688279,0.0411216837276695,0.054603798278701,0.111504621420995,0.183614744328167,0.0283079325389287,0.158393822917337,0.00174456835993141,0.0300214965680039,0.0113842879609001
0.107798897173459,0.0832030252119326,0.0879295995411258,0.0498724554285341,0.141934291820726,0.0257107910717095,0.104797817529751,0.0905826767044903,0.127595263751354,0.141658826602648,0.602109049008223,0.00134344609507127,0.413357595757895,0.11150125500634,0.0403953963584083,0.0457417561037751,0.0337908907160764,0.0367457800562692,0.0408246553259004,0.054216948392263,0.114171078984097,0.18524362622671,0.0300264257214123,0.157130599719291,0.00245383033244497,0.0266278351934211,0.0112207364477507
0.106708434805865,0.0811818271262131,0.0849701832186276,0.0495524308385127,0.139481406509618,0.0255477676152093,0.103326708180908,0.0874398377343119,0.126292135892662,0.139792673157408,0.603184317935189,0.00101198195061679,0.403070223704632,0.117804209931196,0.0424555757288736,0.0469014859322705,0.0335067741457595,0.0369087871895469,0.0405501433068837,0.0537996210672066,0.116848819885557,0.186963623497668,0.0314476071919347,0.155465929848448,0.00289885559113051,0.0238392139620245,0.011059342231292
0.10559156507222,0.0793235849545554,0.0821301198487382,0.0491179114888476,0.137126340994753,0.0253473472179991,0.101751030483078,0.0846416452770566,0.125803056055567,0.138133124034957,0.604394058987346,0.000733535607831578,0.393768764901057,0.124119239691849,0.0443956015867974,0.0479444678984906,0.033286472482403,0.0371181759793652,0.0403009182357081,0.0533612940385062,0.11946697469397,0.188791600339735,0.0325419160614898,0.153419776131955,0.00310443227773887,0.0216538561435682,0.0109261627625956
0.104434095346189,0.077620936795183,0.0794473245223658,0.0485736100938923,0.134857918789717,0.0251098222025034,0.100075480136549,0.082184998221003,0.126019793596602,0.136660122321249,0.605784463963891,0.00050108484522976,0.385882169225223,0.130311627294293,0.0461796348867046,0.0488463974446255,0.0331337778192516,0.0373837513711359,0.0400794006478538,0.0529118955622481,0.12194346563321,0.190717695297757,0.0332859767312017,0.151018547824151,0.00312694454142078,0.0199910657996791,0.0108449078670636
0.103223331497162,0.0760570889770024,0.0769524879246565,0.0479263146105693,0.132659245366668,0.0248364314822107,0.0983064534405297,0.0800375946916034,0.126822925475846,0.135342571758542,0.607379494315441,0.000334035778545738,0.379736837413803,0.136254485952957,0.0477748407341343,0.0495866086243181,0.0330544086286962,0.0377117032709605,0.0398878483610751,0.0524615288324855,0.124189020310005,0.192700455590834,0.033661358719904,0.148294968412462,0.003034556144793,0.0187151566021756,0.0108350047021027
0.101949106666615,0.0746080328114927,0.0746691253447236,0.0471843824671534,0.130509062127815,0.0245292242398592,0.09645204102858,0.0781451273177114,0.128100003529079,0.134141787692745,0.609182822560462,0.000310147390264722,0.37554520872452,0.141832857426171,0.0491528432442486,0.0501490698827855,0.0330552878323895,0.038103643934858,0.0397284659975236,0.0520201334970509,0.126112687285688,0.194666624755571,0.0336545556689636,0.145288089550093,0.00289913449797289,0.0176781577435074,0.0109105216133577
0.100604576240117,0.0732452443632379,0.0726138767030388,0.0463572303687217,0.128383163023917,0.0241908587419117,0.0945220022483034,0.0764409999026689,0.129756090222278,0.133014757797157,0.611180823485077,0.000485407796342561,0.373404480240501,0.146946740690742,0.0502909041078517,0.0505233288961652,0.0331434214119983,0.0385560116363117,0.0396034252191594,0.051597107837956,0.127628591088411,0.196515711652202,0.0332577016824948,0.142043542555506,0.00278779765482558,0.0167616818778732,0.0110788786872815
0.099186746320517,0.0719385498831569,0.0707968829525325,0.0454548613452732,0.126255863998861,0.0238243469796957,0.0925277137198516,0.0748567634125044,0.13171625731678,0.131917126474792,0.613346330346665,0.000797199277710473,0.373304515172014,0.151512256428203,0.0511727318701088,0.0507052516980771,0.0333245723363627,0.0390599330358797,0.0395147887790068,0.0512009222635501,0.128663409997404,0.198128530412711,0.0324696616260992,0.138613760474122,0.00275091633221271,0.0159029909184242,0.0113387732678707
0.0976967185603381,0.070658829244182,0.0692220812140628,0.0444874566808856,0.124101534024377,0.0234327644927142,0.0904820802604773,0.0733315603169653,0.133921535471754,0.130805861894993,0.615642774926287,0.00117402333971949,0.375142509639029,0.155460463255393,0.0517888724972198,0.0506973126496538,0.0336019725235452,0.0396015787455774,0.0394643423678608,0.050838760010556,0.129163822924408,0.1993781438545,0.0312972565338651,0.135057616625715,0.002810305684524,0.0151030592637403,0.0116780600845172
0.0961396422242769,0.0693802729579468,0.06788731929503,0.0434650473854545,0.121896206847994,0.0230189570743361,0.0883993922952255,0.0718193224672223,0.136320887540272,0.129641568646897,0.618028310953661,0.00157203533643517,0.378741283886709,0.158734059721615,0.0521367196261561,0.0505081551108817,0.033975311908732,0.0401629883747005,0.0394533480242992,0.0505162270010332,0.129102959962726,0.200141296840928,0.0297565499281739,0.131438973755957,0.00295748046912485,0.0144206302148032,0.0120732298016515
0.0945243729046194,0.0680819971665007,0.0667842776453846,0.042397270926146,0.119619273857219,0.0225852836255676,0.0862951153190278,0.0702930430537655,0.138862160804445,0.128390400235613,0.620459584806371,0.00195923664690751,0.38386832664012,0.161283068615692,0.0522202525208624,0.0501512568597855,0.0344401810920264,0.0407232901662568,0.0394822341613812,0.0502371683495472,0.128484815347717,0.200308587145207,0.0278743621213964,0.12782407048444,0.00316497766062244,0.0139540750199501,0.0124916670724584
0.0928628547392567,0.0667489373097642,0.0658982837950909,0.0412932126398435,0.117255187810421,0.0221334310255019,0.0841856047369298,0.0687459590202775,0.141484690102848,0.127025528362077,0.622894932063953,0.00230853777890545,0.390253657773867,0.163061107395833,0.0520495972849284,0.049642807624847,0.0349880328015217,0.0412601962697697,0.0395502409907353,0.0500036053492496,0.127345782471306,0.19979225194554,0.0256905469278121,0.124278239022888,0.00340075514442186,0.0138099335819484,0.0128963880203273
0.0911692690659885,0.0653720528881369,0.0652081852495179,0.0401613254783743,0.114795004117372,0.0216643252276723,0.0820877497246071,0.0671898653594262,0.144115363941414,0.125528136793855,0.625296884026427,0.00259682504972409,0.397605652491043,0.1640236613888,0.0516404219753417,0.0489992096666475,0.0356066031492958,0.0417516205433647,0.0396550593464671,0.049815774960797,0.125752937282832,0.198531298665008,0.0232621482711561,0.120862772821454,0.00363634385845154,0.0140626514835941,0.0132517122540045
0.0894590192970779,0.0639479552332293,0.0646864844139324,0.0390094165887538,0.112237523417196,0.0211781496252982,0.0800185585017108,0.0656510411070995,0.146668811531742,0.123887911000454,0.627633933031105,0.00280592515124003,0.405624755882223,0.164129007067662,0.0510131074383711,0.0482347803831173,0.0362806450433381,0.0421772486647809,0.0397925263369647,0.0496722280534858,0.123799228074994,0.196494368463976,0.0206715200534087,0.117632645407669,0.00384844006045957,0.0147239109207816,0.0135281843183466
0.0877476410816831,0.0624781117391909,0.0642999154627962,0.0378446860032611,0.109589837374239,0.0206744693117765,0.0779947027977519,0.0641644473908503,0.149051273755907,0.122102989335268,0.629881554063036,0.00292403087909011,0.414015356334229,0.163341547311854,0.0501916708432806,0.0473602081794042,0.0369928039001933,0.0425198982313659,0.0399564527964236,0.0495699234146624,0.121596116537419,0.193680906210202,0.0180419763259657,0.11463532744568,0.00401760076356617,0.0157415801291577,0.0137058186427415
0.0860497345332961,0.0609677925669451,0.0640105619624236,0.0366738018558545,0.106867194766965,0.0201524460914213,0.0760320418798854,0.0627670158110634,0.151166951439849,0.120179341644356,0.632022541224798,0.00294704576263063,0.422496071032578,0.161636748809269,0.0492025433422722,0.0463821425623866,0.0377245004946627,0.0427665385175701,0.0401386474511303,0.0495042454720344,0.119264404734685,0.190120950950611,0.015565597238813,0.111910426135727,0.00412679711259223,0.0170255557885374,0.0137755377445231
0.0843780107247634,0.0594249178568649,0.0637775027043369,0.0355029966094292,0.104092217420265,0.0196111138635504,0.0741451475275702,0.0614909871827502,0.152925302128648,0.118129566718833,0.634046772974947,0.00287960333187957,0.430808518886569,0.15900670090807,0.0480733960455352,0.0453040594318387,0.0384567371664083,0.0429088831983352,0.0403291759559869,0.0494688943152845,0.116924052898005,0.185873443361445,0.0135414185027374,0.109489527782237,0.00416090950727936,0.0184784614011226,0.0137389996958877
0.0827425294076611,0.0578589400902997,0.0635588674336484,0.0343381668760013,0.101293561161977,0.0190496715222699,0.0723468505820306,0.0603583110653755,0.154247850144035,0.115971165853801,0.635950541508236,0.00273567216502946,0.438724482589562,0.155465372659291,0.0468321786427191,0.0441282801268161,0.0391707775855788,0.042943519112055,0.040516857416264,0.049455661868897,0.114683838891039,0.18102275414857,0.0123844047860934,0.107395593909836,0.00410723469679943,0.0200151362204725,0.0136071404416977
0.081150183751036,0.0562798624671993,0.0633141080150362,0.0331849550549667,0.0985041486995155,0.0184677467860992,0.0706478276589922,0.0593769601579491,0.155073441637472,0.113724447477899,0.637735575300296,0.00253870817500547,0.446051278555773,0.151052777714423,0.0455064271747755,0.0428587839239488,0.03984867046136,0.0428715977283319,0.0406899645233115,0.0494542090695938,0.112631785121422,0.175673375346191,0.0124944691492723,0.105641520891084,0.00395667317888223,0.0215694576661918,0.0133979639022332
0.0796044646278789,0.0546974553685357,0.0630062499121724,0.0320487897385871,0.095759124182958,0.0178655937840411,0.0690562472524919,0.058539619804477,0.155361354758119,0.111410312965947,0.639407868795832,0.00232106594284376,0.452635172862269,0.145837413691478,0.044122814354335,0.0415042921291717,0.0404736213265275,0.042698186365697,0.0408370622350668,0.0494520631270067,0.110827363315076,0.169943203170781,0.0139824544613722,0.104227889501637,0.00370524301712316,0.0230934816808648,0.0131341134087042
0.0781055104623344,0.0531206941764546,0.0626038819644166,0.0309348699187648,0.0930936994762002,0.0172442080005162,0.0675774990719511,0.0578247140256722,0.155092143479752,0.109048228138424,0.640976417531218,0.00212150866242978,0.458362775941749,0.139916494983376,0.0427068876637974,0.0400810435280656,0.0410302653650084,0.0424314213153611,0.0409478963301811,0.0494351019468109,0.109296474614932,0.16395619093936,0.0165964194243088,0.103140352307886,0.00335576009699832,0.024553410920309,0.0128404332783467
0.0766504187680385,0.0515574081706562,0.0620826703696215,0.0298480935109281,0.0905410684067999,0.0166053641331821,0.0662140319030915,0.0571993106459906,0.154266474031131,0.106654674368282,0.642451944496507,0.00197835330539537,0.463160482440526,0.133413644218655,0.041282930375627,0.038614700568018,0.0415049204279867,0.0420816031045601,0.0410142275384461,0.0493887124165515,0.108029960271199,0.157835167367568,0.0199514265508071,0.102347386641185,0.00291989015096516,0.025924911349671,0.01254157138392
0.0752337696038776,0.0500141087881828,0.0614262473540453,0.028792945218812,0.0881305456882694,0.0159515943633042,0.0649653176227762,0.0566231931659652,0.152902464456887,0.104242293867854,0.643845694235513,0.00191683449034917,0.466992159904698,0.126473904489682,0.0398738702294251,0.0371408768900718,0.0418858755731633,0.0416603385161667,0.0410305036145565,0.0492995791635997,0.106985894341841,0.15169539619193,0.0237147720462915,0.101799174744954,0.00242150825704927,0.027188911283042,0.0122598883564647
0.0738482979056876,0.0484959608895413,0.0606264193742681,0.0277733668388421,0.0858860448963737,0.0152861253067856,0.0638279472576406,0.0560533025281268,0.151032155994357,0.101819813274721,0.64516836129862,0.00193689360158807,0.469855400188015,0.119256226955409,0.0385011634939653,0.0357038392957959,0.0421637172586114,0.0411797933843038,0.0409942790678051,0.0491577676297317,0.106095268242796,0.14563919918025,0.0276385118312512,0.101428187339465,0.00190407009853237,0.0283282991509308,0.0120140050941979
0.0724856506141801,0.0470068668532262,0.0596827424110634,0.0267926344769191,0.0838249597060908,0.0146127885052133,0.0627958563390638,0.0554478426978734,0.148697748124289,0.0993926790770548,0.646429211239007,0.00201371660283163,0.47177671342342,0.111923934792193,0.0371846022707783,0.0343530405719194,0.0423316516835301,0.0406520899049537,0.0409063312538046,0.048958575520983,0.105270114010136,0.13975180064723,0.0315374168337853,0.101151752136726,0.00144792508631485,0.0293255898273013,0.0118179636604903
0.0711371673630358,0.0455496376479918,0.0586015944669745,0.0258532632699023,0.0819574689415442,0.0139359150406107,0.0618606698254554,0.0547695750485672,0.145948143145873,0.0969642064762656,0.647635445612718,0.00211182376758934,0.472806065853018,0.104633983486352,0.0359420184388489,0.0331373722777799,0.0423857629489749,0.0400888596055981,0.0407704676412029,0.0487036617964386,0.104412814192208,0.134098463005865,0.0352681250343508,0.100876545450894,0.00119208247427037,0.0301614826652774,0.0116806573311082
0.0697946253014334,0.0441262227220331,0.0573949185646632,0.0249569534392337,0.0802862574594956,0.0132602180144414,0.0610121468010138,0.0539880968113199,0.142836196968917,0.0945369656467843,0.648791846496001,0.00219976003241459,0.473011149127005,0.0975261059310005,0.0347888811502917,0.0320975123533657,0.0423251475831318,0.0395009416973491,0.0405930564481892,0.0484011877488941,0.103425369202871,0.128722907213529,0.0387182313609115,0.100504595553681,0.00126087255560604,0.0308142078303879,0.011605271069248
0.0684508927874436,0.0427379665273938,0.056078811587843,0.0241045845769158,0.0788066321134912,0.0125906594054081,0.0602386919197625,0.0530811111734884,0.139416883355879,0.0921141153250809,0.649900703025865,0.00225747072847966,0.472471729178617,0.0907131777674098,0.0337378051551754,0.0312575233287036,0.0421518807199874,0.0388981982999252,0.0403823418940734,0.0480649704532126,0.102217658866521,0.123646969250018,0.0418020125637323,0.0999401308182808,0.00158371612966752,0.0312595787798386,0.0115887868725625
0.0671004468058824,0.0413858580700159,0.0546721072698919,0.0232962586226674,0.0775070068639015,0.0119322965341089,0.059527887782244,0.0520348157759579,0.135746372933137,0.0897004307925357,0.65096197922482,0.0022779601939416,0.471274365065673,0.0842743292703356,0.0327980079771911,0.0306177137194579,0.0418707939020392,0.0382894125013284,0.0401476322367333,0.0477128487687675,0.100714101040605,0.118871486804061,0.0444590895015928,0.0990965190377633,0.00199021303372238,0.0314716804202392,0.0116218977815421
0.0657397238437339,0.0400707417165597,0.0531950637127251,0.0225313853606376,0.0763697217087061,0.0112901099952269,0.0588669967558089,0.0508435830604396,0.131881841010058,0.0873028489869887,0.651973644457204,0.00226663960160072,0.469507719651863,0.0782522740191938,0.0319747853584195,0.0301511716835843,0.0414890762922644,0.0376822441732655,0.0398984659372811,0.0473645891345756,0.0988584520158031,0.114378485105507,0.04665373629279,0.0979025947981925,0.00236290583934297,0.0314241107698331,0.0116898120408549
0.0643672915877138,0.0387934638131719,0.0516682301498354,0.0218087984649466,0.0753721391301888,0.0106688236694615,0.0582433897335237,0.0495091200166005,0.127881691659024,0.0849304472013885,0.652932069580209,0.00223987325730485,0.467258610751507,0.0726557644050541,0.0312691177917175,0.0298057409456392,0.0410157466594049,0.0370832279775851,0.0396438539787852,0.0470397154384721,0.096616741331895,0.110134705805986,0.0483737780927581,0.0963077953183938,0.00263436197177651,0.0310916694283529,0.0117742411228571
0.0629838463560761,0.0375549413816199,0.0501115351010942,0.0211268872780373,0.0744879345247911,0.0100727310698747,0.0576448820632497,0.0480392970521951,0.123805846160941,0.0825938576981118,0.653832396569857,0.00222245530120818,0.464608879884438,0.0674669841001087,0.0306775466030878,0.029511497178103,0.0404610727054602,0.0364978005356612,0.0393916632214039,0.0467556084412316,0.0939784733883459,0.106096346296604,0.0496288099352395,0.0942857183244643,0.00276265430256152,0.0304523595869018,0.0118563477875232
0.0615920540981914,0.03635615255474,0.0485436054876235,0.0204837299051343,0.0736884812837029,0.00950554168420912,0.0570599821404337,0.046446821685554,0.119715789289558,0.0803041964984502,0.654668809179558,0.00224279847976975,0.461633094805176,0.062652415275969,0.0301924261068719,0.029191821501123,0.039836025988843,0.0359303528523345,0.0391481618752694,0.0465260916545196,0.0909562905298456,0.10221463185392,0.0504477948393126,0.0918359849656928,0.00272059503768721,0.0294895540330145,0.0119199645883117
0.0601962598873939,0.0351980582440803,0.0469812986169534,0.0198772152290766,0.0729442387057989,0.00897026219105644,0.0564780747067256,0.0447478997069254,0.11567417485602,0.0780716614913752,0.655434658862529,0.00232528945098996,0.458397055483887,0.0581748335746382,0.0298025718406438,0.0287750902483331,0.0391518527518982,0.0353843231543688,0.0389177133439489,0.0463605610235798,0.0875843285508373,0.0984416574031975,0.0508761029343752,0.0889845504844487,0.00249220639820481,0.0281941793063815,0.0119543369153274
0.0588020946555861,0.0340814710778826,0.0454394149827182,0.0193051440281469,0.0722260743570256,0.00846912829515698,0.0558895626681912,0.0429609823970918,0.111743934520506,0.0759040204916006,0.656122430417384,0.00248233609450908,0.454957035935616,0.0540039415306721,0.0294942291984977,0.0282042808403223,0.0384198154735875,0.0348623491964487,0.0387025948175528,0.0462635916944771,0.0839155312549181,0.0947358840039646,0.0509719911783966,0.0857827254858358,0.00207229934918894,0.0265667863560245,0.0119558832405119
0.0574160118898681,0.0330068953596709,0.0439305589020666,0.0187653028992235,0.0715064767372124,0.00800359610250345,0.0552859784987257,0.0411056485078182,0.107986980771561,0.0738052383341016,0.656723562929257,0.00271109384026547,0.451359660896252,0.0501237197256543,0.029252216934131,0.0274429804571485,0.0376511180103908,0.0343664734366167,0.0385029389532356,0.0462349048173001,0.0800182025134634,0.0910667523726533,0.0508025600244441,0.0823051195379323,0.00146947690823998,0.0246193775338509,0.0119286592604151
0.0560447948460963,0.0319743724793091,0.0424651167990406,0.0182555094604804,0.0707606315244275,0.00757438955086657,0.0546600605280556,0.0392016200517799,0.104462711488962,0.0717744751959725,0.657228167609206,0.00299679020107427,0.447642291169228,0.0465355523483068,0.0290610659169284,0.0264775731671248,0.0368569755656255,0.0338983612016575,0.0383168358370185,0.0462695977760256,0.0759720304788965,0.08741802654632,0.0504393377794752,0.078646548268338,0.000729335678965668,0.0223768492716976,0.011883334433476
0.0546950857225446,0.0309833744369723,0.0410513239194814,0.0177736327066635,0.0699673462830202,0.00718159010797435,0.0540057879723372,0.0372678806989695,0.101226571744821,0.0698056348205475,0.657624696683091,0.00331909322231677,0.443833782925012,0.0432571991238395,0.0289059847884808,0.025316239588021,0.036048745798833,0.0334594765501301,0.0381406503461903,0.0463585937832804,0.0718637287904449,0.0837896421846122,0.049953723758458,0.074917663753573,0.000293017429198034,0.0198779476340831,0.01183479669369
0.0533729945198712,0.0300327819721557,0.0396953902662371,0.0173175974301703,0.0691098169422688,0.00682474852182638,0.0533183863362859,0.0353218699502476,0.0983288791948379,0.0678875610217426,0.657899613356502,0.00365725630534781,0.439955492939743,0.0403184376669954,0.0287735468692138,0.0239857411039598,0.0352380166801342,0.0330511650621055,0.0379695764890118,0.0464893072635422,0.0677823541694663,0.0801979552249225,0.049412499296289,0.071238724456578,0.00112037437894952,0.0171758466055698,0.0117989846598668
0.0520838391819953,0.0291209588572537,0.0384016584833946,0.0168853851553912,0.0681762281466745,0.0065029947627205,0.052594335126569,0.0333787540480233,0.0958139731127107,0.0660048793172276,0.658037098462582,0.00399274206702158,0.436022411475606,0.037754566800553,0.0286520793610528,0.0225269359678018,0.0344365566664489,0.0326746119404711,0.0377983729770145,0.0466465285784745,0.0638143380272555,0.0766743392537689,0.0488735272395292,0.0677308173366198,0.00230111400704176,0.0143390644825685,0.0117897599591121
0.0508320471917819,0.0282459057391903,0.0371727746839826,0.0164750445705261,0.0671601595012744,0.00621512335151658,0.051831408729323,0.0314508023764668,0.0937195455940656,0.0641393709659814,0.658018813902153,0.00431004915880892,0.43204430931438,0.0355990527382702,0.0285317901226234,0.0209897633117418,0.0336560662086188,0.0323306775985595,0.0376221453636224,0.0468135101413037,0.0600383447342305,0.0732620834383628,0.0483817266271143,0.0645043904687956,0.00358656439253586,0.0114550235173554,0.0118162777262979
0.0496212165619498,0.0274054637693139,0.036009868302708,0.0160847208003594,0.0660607430163947,0.0059596402593229,0.0510287551098261,0.0295469173637031,0.0920758311756697,0.0622716802678488,0.657823732484127,0.00459670065233976,0.428026790657768,0.0338766255857176,0.0284046646051624,0.0194281622007624,0.0329077165180937,0.0320196548824579,0.0374370085811298,0.0469732028262803,0.0565202272852847,0.0700115717820353,0.0479655332889072,0.0616462133705524,0.00491360340495972,0.00864346418276419,0.0118807575515101
0.0484543028494392,0.0265975388426535,0.0349127532957294,0.0157127058471868,0.0648825110481639,0.00573477320161843,0.0501869883543343,0.027672380937562,0.0909042555912597,0.0603831185252795,0.657428040582673,0.00484296366698487,0.423972160101831,0.032598146051028,0.0282641494301048,0.0178951736280793,0.0322015175318116,0.0317410274865391,0.0372405012056013,0.0471095595047827,0.0533085433721128,0.0669738773996665,0.047634299510211,0.0592073802848359,0.00623350385973569,0.00610461356943926,0.0119764590599744
0.0473338783923673,0.0258203196162301,0.0338801754419048,0.015357504775895,0.0636348952163357,0.00553846019683846,0.0493082593347495,0.025828888063985,0.0902152465988775,0.0584573304715444,0.656805120734295,0.00504153870206937,0.419880046215387,0.0317583695676687,0.0281046614507749,0.016438383374819,0.0315456152816912,0.0314933259226674,0.0370317022816366,0.0472087919925574,0.0504312527677267,0.0641932473088655,0.0473772641906691,0.0571958712609535,0.0075001880628707,0.00427521083283436,0.0120861561825076
0.0462624016874894,0.0250724618142675,0.0329101328303055,0.0150179054158597,0.0623313719675206,0.00536833395377538,0.0483962704508396,0.0240149231318876,0.0900052029701466,0.0564816056256601,0.655925619806874,0.00518728810431154,0.415747774246831,0.0313371191142003,0.0279210152774953,0.0150959201679991,0.0309456614783822,0.0312741657008814,0.0368110748921027,0.0472604423646326,0.0478942449821536,0.0616994263120593,0.0471646530751529,0.0555766431351535,0.00866963071970387,0.00393401443667059,0.0121819103688857
0.0452424363538626,0.0243532101232743,0.0320002806052648,0.014693034733124,0.0609882964991583,0.00522171596891095,0.0474562078208327,0.0222264905050952,0.0902530272653886,0.0544476452634308,0.654757604849625,0.00527700780061826,0.411570535726192,0.0313034090983839,0.0277079051667494,0.0138933715281513,0.0304044047884706,0.0310805055277051,0.0365801073871867,0.0472581327517985,0.0456821468842933,0.0595011505416888,0.0469510953661658,0.0542800135617684,0.0097010113625388,0.0050755973950872,0.0122268823944009
0.044276770633966,0.0236624334297084,0.0311484005341694,0.0143823852324378,0.059623525015146,0.0050956305886963,0.0464945788503833,0.0204581496408015,0.0909170036760924,0.0523516571458229,0.653266806950558,0.00530923248528359,0.407341449328996,0.0316211548642977,0.0274595815978148,0.0128421060966704,0.0299216161268167,0.0309090933509255,0.0363408499197629,0.0471999047939651,0.0437614268815165,0.0575821693712874,0.0466810064757198,0.0532161754760261,0.0105582139364431,0.00676143637933971,0.0121793319747292
0.0433684109149763,0.0230005660288886,0.030352887354286,0.0140857996100285,0.0582549794872463,0.00498684491486581,0.0455189636184421,0.0187042526189065,0.0919329754014773,0.0501937606487292,0.65141695093005,0.00528407383770001,0.403051631820041,0.0322547142985851,0.0271698271675113,0.0119394459289838,0.0294943881544364,0.0307570064399567,0.0360954523062092,0.0470881271665069,0.0420852958931336,0.0559007273399794,0.0462951449617158,0.0522916934278767,0.0112112952833846,0.0084582804840207,0.0119983316130218
0.0425204519557905,0.0223684722491001,0.0296131895034971,0.0138034074001772,0.0568993304651773,0.00489193486389979,0.0445377069504862,0.0169602585967522,0.0932146419103213,0.0479768316450653,0.649170161209109,0.00520310572567421,0.398690388788776,0.0331727880724878,0.0268322730473944,0.011170804150425,0.029117763426605,0.030622164848306,0.0358457944351378,0.0469290019101179,0.0405995401286344,0.0543926853575247,0.045737397012366,0.051423772398063,0.0116377724023755,0.00997569501512314,0.0116504392541319
0.0417358514505426,0.0217672678192198,0.0289301438616804,0.0135355127134801,0.055570942840679,0.00480737365669316,0.0435595857894131,0.0152240127528598,0.0946563805441408,0.0457050557119905,0.646487423625192,0.00506931529203533,0.394245590536823,0.0343499262706022,0.026441023902852,0.0105133599553821,0.028785572052015,0.0305037095075552,0.0355932669926195,0.0467317294850031,0.0392483591957452,0.0529776597025629,0.0449609714365206,0.0505495407992382,0.0118236594388111,0.0112431908490843,0.0111165972030574
0.0410171497198287,0.0211981292811835,0.0283061559104432,0.0132824392872744,0.0542811610482462,0.00472963621712075,0.0425934779945141,0.0134969138361004,0.0961384522148192,0.043382535126678,0.643329072308786,0.00488712839294223,0.389704237774997,0.0357656777072796,0.0259914916711026,0.00994036935544986,0.0284913186215476,0.0304021741359519,0.0353387200380031,0.0465074087319702,0.037979498506977,0.0515669958037769,0.0439334600715909,0.0496294172389044,0.0117642226973555,0.0122366876272211,0.0103985499657714
0.0403661790935966,0.0206621113468481,0.0277451879893552,0.0130443463292836,0.0530379443057074,0.00465531194440553,0.041648040590119,0.011784927463171,0.0975339747903401,0.0410122793663214,0.639655260048371,0.00466249529702313,0.385053175835329,0.0374020035935844,0.0254812873744293,0.00942510656146408,0.0282289578491502,0.0303194275744478,0.0350825600005931,0.0462677585039934,0.0367482989769458,0.0500722314804821,0.0426404863600612,0.048645025809614,0.011464439988338,0.0129546340821402,0.00952384257534634
0.039783805093761,0.0201599818781628,0.027252529002972,0.0128210336168474,0.0518458191142049,0.00458122230481912,0.0407313970751959,0.0100994089527753,0.0987167771436018,0.0385958130603797,0.635426361267122,0.00440299645382172,0.380279897332476,0.0392398678144966,0.024910991337119,0.00894374149076819,0.0279934348070544,0.0302584065232728,0.0348249483150725,0.0460237553290547,0.0355205737240445,0.0484129007547616,0.0410878509440968,0.0475929513499566,0.010939159517208,0.0134082439771019,0.00854800952866293
0.0392697316419253,0.0196920776008982,0.0268343375064164,0.0126117579381515,0.0507060853905273,0.00450454429151318,0.0398508432915542,0.00845766953227388,0.0995692067103518,0.0361334929170844,0.630603254819684,0.00411791359215807,0.375373365309331,0.041255937735605,0.024284619574064,0.00847694946618898,0.0277809263440885,0.0302226893961662,0.0345660407582286,0.045784289023251,0.0342743771606011,0.0465229041280294,0.0393021765467406,0.0464761178209725,0.0102129597351399,0.0136163424382813,0.0075522035429222
0.0388223890833917,0.0192581820105233,0.0264969744373242,0.0124150851767246,0.0496171914912225,0.00442293777085684,0.0390125955567228,0.00688314925916502,0.0999890931969356,0.0336254597211162,0.625147454198962,0.00381822312024267,0.37032477615945,0.0434201510391906,0.0236096310713486,0.00801044076885505,0.0275887892931302,0.030215976935382,0.0343062063630078,0.0455549490907144,0.0330007651856128,0.0443550402731031,0.0373300788182576,0.0452949235372316,0.00931972002465032,0.0136020661582699,0.00663469154895722
0.0384389137885826,0.0188574310352312,0.0262461631469644,0.0122288000557876,0.0485751923247741,0.00433466862941083,0.0382216085459599,0.00540494797630316,0.0998952865086726,0.0310729846980671,0.619021113700081,0.00351649429706966,0.365128165096111,0.0456946036256877,0.0228963813730021,0.00753476832012642,0.0274152829962584,0.0302415457933986,0.0340461765460004,0.0453370709771196,0.0317036157827417,0.0418835623608345,0.0352358751841391,0.0440404368009427,0.00830192578756428,0.0133905350744748,0.0058963463184322
0.0381152165585122,0.0184882553630118,0.026086034213428,0.0120498878048344,0.0475742285699317,0.00423872091387314,0.0374814830572634,0.00405632790517519,0.0992314224236115,0.0284798539369496,0.612187028621546,0.00322666680466666,0.359780735782103,0.0480338664581105,0.0221570262797011,0.00704476248414109,0.0272591757411477,0.0303017324498203,0.0337870948689619,0.0451271904297189,0.030398549725996,0.0391047907576827,0.0330978126861072,0.0426917298359862,0.00720974637303765,0.013007179081425,0.00542499624043052
0.0378461153105848,0.0181483632542934,0.026018130521885,0.0118745921343887,0.0466070084807355,0.00413489499162861,0.0367944692367834,0.00287171352923667,0.0979677882554282,0.0258534378023141,0.604608805987247,0.0029636055573106,0.354282771921548,0.0503865110437563,0.0214040136429004,0.00653885306830756,0.0271193571168337,0.0303974936477794,0.0335304617332268,0.044917064216832,0.029110995383429,0.0360359401851379,0.0310027630384092,0.041218637493507,0.00609991092700127,0.0124765745270982,0.00528871591207829
0.0376254863644308,0.0178347585531504,0.0260404540776566,0.0116985455374668,0.0456653165294457,0.00402388340230813,0.0361615544715984,0.00188187329763016,0.0961013465033396,0.0232052208486448,0.596251355784676,0.00274221636857226,0.348637000407866,0.0526973854608104,0.0206484505528416,0.00601844582473472,0.0269945556650282,0.0305280820682623,0.0332779930677083,0.0446943896229667,0.0278734776041512,0.0327124660228808,0.0290393256707507,0.0395899549279449,0.00503425553939644,0.0118216932296042,0.00554187025305733
0.0374463888641989,0.0175437874094106,0.0261466345014421,0.0115169621168109,0.044740585274874,0.00390730681835352,0.0355826153840939,0.00110766565513761,0.0936541191941342,0.0205507475806964,0.587081755612384,0.00257587849935077,0.342847371811164,0.0549101297272223,0.0198987445151079,0.00548745343130085,0.0268832087918592,0.0306908724443122,0.0330314318317719,0.0444442596066077,0.0267222618878263,0.0291844129159499,0.0272893959689277,0.0377856991723246,0.00407719739044567,0.0110634847742188,0.00622677820770559
0.037301137192066,0.0172712154793536,0.0263253094877483,0.0113248791493506,0.0438245375015,0.00378769347811835,0.0350566118641544,0.000554020653898569,0.0906702338322477,0.0179090970197156,0.577070434965374,0.00247422026490004,0.33691738570656,0.0569695891648723,0.0191599212174816,0.00495203927950201,0.0267834706893665,0.0308813678357929,0.0327923561124612,0.0441512152448489,0.0256935529824902,0.0255124076721915,0.025818708044549,0.0358109727916979,0.00328968441956031,0.0102207276474076,0.00735070533840387
0.0371813165123673,0.0170123422134249,0.0265598240143263,0.011117430770343,0.0429098568172322,0.00366839544042104,0.034581801349384,0.000206930230195098,0.0872119852343853,0.0153021173290135,0.566192553518532,0.00244092743045566,0.330848231941086,0.0588240369796516,0.0184338913113098,0.00442060834633754,0.0266933008672562,0.0310934044981879,0.0325620139957511,0.0438015611657958,0.0248195489980011,0.0217640341290043,0.0246678044414601,0.0337083187618081,0.00271502269857366,0.00931009557140122,0.00885182123378786
0.037077750512008,0.0167621492840886,0.026828346920319,0.01089013679709,0.0419908108836296,0.00355344504920913,0.0341559504513014,3.56804171331089e-05,0.0833552866258969,0.0127537461051396,0.554429418097447,0.00247282267167544,0.324637087408183,0.0604272295547785,0.0177207192006253,0.00390405943269911,0.0266105638299682,0.0313195596137143,0.0323411942978608,0.0433855143126495,0.024124779346521,0.0180113892057409,0.0238459575508538,0.0315649178403913,0.00235774320951096,0.00834639066392753,0.0105875858523885
0.0369804491668603,0.0165154628947637,0.0271044637808044,0.010639193703112,0.0410637496132225,0.00344736657369513,0.0337765223997763,0,0.0791848748692393,0.0102898445217848,0.541769785004828,0.00256094836424014,0.318275905036991,0.0617402503488391,0.0170207067133604,0.00341626750974503,0.0265330832748917,0.031551748835816,0.0321301292733666,0.0428988340953339,0.0236232426756639,0.0143307128902275,0.0233306858596972,0.0295100406770028,0.00218065479322548,0.0073428999090852,0.0123546403790703
0.0368785887894116,0.0162671030926703,0.0273582600899813,0.0103617594502707,0.0401274210110975,0.00335497141379584,0.0334408300626218,5.9165675305789e-05,0.0747895930632096,0.00793916643056776,0.528210916832718,0.00269297445018518,0.311750965641437,0.0627330067269857,0.016336895124036,0.00297463848974245,0.026458620521584,0.0317819685640994,0.0319284246492077,0.0423437627004702,0.0233168164425371,0.0108051587003648,0.0230737879898438,0.0276971110392692,0.00214907325468364,0.00631183703602245,0.0139261502286424
0.0367605874821302,0.0160120041359986,0.0275578740191131,0.0100562207618849,0.0391830718989937,0.00328116622691739,0.0331461687099403,0.000179609533435666,0.0702579991900975,0.00573656714235297,0.513759297113042,0.00285548256789812,0.305043315839262,0.0633852327634575,0.0156774545417833,0.00260029875126615,0.0263847795018996,0.0320030859319213,0.0317350160066974,0.0417292544746553,0.0231951906147509,0.00753199016863634,0.0230120214402877,0.0262663176708833,0.00229106123447044,0.00526483187527115,0.0150928942159421
0.0366143216573535,0.0157453037003264,0.027671461107718,0.00972241981688962,0.038234327475232,0.00323078259808388,0.032889963879697,0.000339066162624931,0.0656744660275609,0.00373075934504088,0.498430943084732,0.00303523588685499,0.298129995711544,0.0636868906351553,0.0150573864115,0.00231705003605579,0.0263088706074328,0.0322095338216742,0.0315481504458203,0.0410705398866108,0.0232372509622812,0.00463513864995587,0.0230787791319093,0.0252931105315754,0.00269951733054691,0.00421342294916244,0.0156995711249349
0.0364274958579304,0.0154624001985575,0.0276694616746641,0.00936181015674179,0.0372868794002335,0.00320841028864029,0.0326699575179704,0.000527045392790447,0.0611158767474214,0.00200126278887572,0.482251291536742,0.00321948184202679,0.290985761303495,0.0636379057685505,0.0144989698808373,0.00214799567588785,0.0262277809059792,0.032397769275348,0.0313653893061649,0.0403880892135612,0.0234135413421833,0.00228011181607518,0.0232135415870088,0.0247446678354188,0.00345474001313631,0.00316951231962135,0.0156696288554539
0.0361881537167412,0.0151589738375853,0.0275269992671726,0.00897751966339075,0.0363480477729204,0.00321820716801723,0.0324844073430866,0.000742394158611868,0.0566489912796439,0.000688315098281923,0.465254668269023,0.003395775013644,0.283584958239512,0.0632472101614834,0.0140304018368281,0.00210966582052185,0.0261378952543109,0.0325664062723359,0.0311836297993721,0.0397060568098805,0.0236892812675181,0.000672898889771977,0.0233676651150418,0.0244730853492718,0.00456390670425269,0.00214579641249851,0.0150143540568351
0.0358853063471785,0.0148309755304917,0.0272261764868348,0.00857431394873544,0.0354262935648294,0.00326366885549598,0.0323322298631685,0.000989046430762529,0.0523285463459889,0,0.447483389381631,0.00355176214136072,0.275903334770605,0.0625311410490666,0.0136822058570205,0.00220598975945263,0.0260350992038447,0.0327160020414042,0.0309991537494752,0.0390503134603679,0.0240274274888923,0,0.0235066884382075,0.0242528598157323,0.00597869246905207,0.00115654957532458,0.0138262668041341
0.0355096365713132,0.0144746072059362,0.0267579858325326,0.00815845784286926,0.0345307349631494,0.00334735116480296,0.03221301113688,0.00127117779655091,0.0481961410302286,5.68828615771815e-05,0.428986574993099,0.0036751694412062,0.267919767818451,0.0615113910200748,0.0134814361985679,0.00242618495161709,0.0259148766000537,0.032848533754831,0.0308077196426985,0.0384462125003904,0.0243913887967187,0.000303100286784212,0.0236100912655828,0.0238396749761651,0.00762829820895115,0.000225942518984901,0.0122604975740792
0.0350542039101506,0.0140863266012633,0.0261235385751764,0.00773745959656371,0.0336706840066924,0.00347054001622555,0.0321268352273482,0.00158901457063154,0.0442799425372302,0.000684056099539441,0.409818777090915,0.00375406338002366,0.259617951126769,0.06021287508668,0.0134446072901411,0.00274816407536187,0.0257724949141594,0.0329666537924006,0.0306047086764666,0.0379162814762665,0.0247471527360017,0.00142177810761268,0.0236694835846718,0.0230215177132065,0.00943269037402618,0.000283761241271264,0.0105088865812234
0.0345150449090276,0.0136628976914226,0.0253343680396211,0.00731966689101025,0.0328551980139452,0.00363287082721667,0.0320739187328003,0.00193636848824487,0.0405952311378962,0.00158739456282861,0.390038534244718,0.00377736075346955,0.250988037015423,0.0586619192852083,0.0135713225041902,0.00314464031859594,0.0256032550630828,0.0330728530682336,0.0303853223861203,0.0374780771572665,0.0250647212370949,0.00309692128087641,0.0236859637106511,0.0216497183355198,0.0113056146341198,0.00107923315348743,0.00877040180036198
0.0338915650211656,0.0132014888795855,0.0244117049426565,0.00691368909376792,0.0320926434715597,0.00383192629093514,0.0320540827311367,0.00230047974081372,0.037145802204753,0.00257485971876754,0.369706967586866,0.00373553152824811,0.242028138938944,0.0568850122905991,0.0138409417811866,0.00358817327741299,0.0254027743837028,0.0331686636624053,0.0301448228643726,0.0371424642830516,0.0253188789618905,0.00509553792906239,0.023667141269917,0.0196526257986524,0.0131562592934322,0.00179212913000083,0.00721956798843894
0.0331866606773372,0.0126998155587963,0.0233848119542631,0.00652765874490014,0.0313902861817183,0.0040628754147657,0.0320661313060166,0.00266408411736003,0.0339262313460796,0.00355934223773313,0.348886522179244,0.00362145225362486,0.232745577733602,0.0549081001089798,0.0142136904760552,0.00405377461091737,0.0251672697144484,0.0332539847988398,0.0298788064882717,0.0369125360475696,0.0254894261380398,0.00725027193779436,0.0236241701510594,0.0170393943638569,0.0148919944085717,0.00240031620640473,0.00597469342785428
0.0324065673459067,0.0121563295000799,0.0222886171760412,0.0061684070055756,0.0307539352953745,0.00431823091124868,0.0321072226183058,0.0030090588070545,0.0309249273124429,0.00451247977329441,0.327639939932107,0.00343141974359496,0.223157802242899,0.0527562256390774,0.0146358270656767,0.00451969024710041,0.0248938098812498,0.0333265656817297,0.0295834979327887,0.0367832752051026,0.0255610688003495,0.00944634367082608,0.023569048236519,0.0139015232805997,0.0164223727266095,0.00288956242282356,0.00507414750480836
0.0315604634983882,0.01157045370766,0.0211609467826367,0.00584068266058282,0.0301876778725101,0.00458778876388273,0.0321723090641872,0.00332074403702069,0.0281277445182934,0.00543676413909182,0.306029538108634,0.00316643434059502,0.213293019647472,0.0504533237364842,0.0150471109284597,0.00496737099122964,0.0245805137542438,0.0333816772080439,0.0292560419753666,0.0367419221604387,0.0255231563153514,0.0115999939369055,0.02351236371219,0.0104239872168892,0.0176641144799102,0.00324827224060687,0.00447810650440268
0.0306598664215135,0.0109428399976307,0.020039639097983,0.00554655916372433,0.029693746657814,0.00485878950814509,0.0322536983075791,0.00359206206773473,0.0255217877744032,0.00635094392345216,0.284116869649856,0.00283406556298982,0.203190692057252,0.0480221266236036,0.015388577893844,0.00538128541641621,0.0242266790274991,0.0334120422803236,0.0288947626810069,0.0367689506026613,0.0253694024549245,0.0136427664004486,0.0234615877767851,0.00694322034945106,0.0185466495956658,0.00346779972799881,0.00410373521778941
0.0297178646349709,0.0102756059501572,0.0189597770283389,0.00528513602186402,0.0292725544569866,0.00511632100408331,0.0323407653176774,0.00382669938202142,0.0230989983583082,0.00728073627005083,0.26196285777895,0.002451668522365,0.192902110952857,0.0454842635276052,0.0156092042137454,0.00574884811116319,0.0238328343737477,0.0334081059283358,0.0284993558939152,0.0368395517429068,0.0250976561540345,0.0155124648801612,0.023419946530235,0.00419057467026933,0.0190175886568251,0.00354326288768653,0.00387133670828456
0.0287482601805013,0.00957250888199598,0.0179512463929408,0.00505256637794581,0.0289228890324561,0.00534396584127284,0.032419841389959,0.00404073992762894,0.0208591627563553,0.00825152620746691,0.239628531542131,0.00205265559717825,0.182491186978272,0.0428606425763357,0.0156707453206048,0.00606051520287684,0.0234007146521674,0.0333586625280359,0.0280709843513009,0.0369255225854027,0.0247097293406031,0.0171490512880797,0.0233858594488155,0.00363187053062721,0.0190472803731278,0.0034745911957398,0.00373007949514474
0.0277647190336602,0.00883903469967785,0.0170368211727841,0.00484236799189283,0.0286422083462303,0.0055246736841153,0.0324743153035759,0.00426221080755062,0.0188120564125895,0.0092824083336643,0.217176559159959,0.00169821691059398,0.172035439790861,0.0401720973910028,0.0155505697462414,0.00630999992069142,0.0229331655406829,0.0332517436521589,0.0276122579529414,0.0369973978842275,0.024211245050853,0.0184939507755944,0.0233529027035372,0.00545349497673311,0.0186315621591889,0.00326797668363615,0.00365639693617144
0.0267800220847878,0.00808239688669154,0.016230961421329,0.00464593226116403,0.0284269474757745,0.00564181009673498,0.0324849819193273,0.00452813442273332,0.0169784397748715,0.0103820090637442,0.194673927049615,0.001488311483017,0.161627089948799,0.0374401776997275,0.0152426725955463,0.00649452583532394,0.0224339875796464,0.0330755827593526,0.0271270987043918,0.0370266086026258,0.0236114319679319,0.0194916649813868,0.0233102367597111,0.00797967507488025,0.0177920655220381,0.0029383548437892,0.00363884189627725
0.0258054800394699,0.00731143671791296,0.0155394459425185,0.00445314444351294,0.0282727646344292,0.00568031055118604,0.0324306490923093,0.00487906868178982,0.0153895648233552,0.011546582186426,0.172196442483295,0.0015264707018912,0.151374226089713,0.0346879675174608,0.0147572252138864,0.00661502754646278,0.021907734581577,0.0328194617264256,0.0266205020726127,0.0369874697288527,0.0229227683777409,0.0200928630240466,0.0232434249634915,0.010303539090183,0.0165739678427544,0.00251470186558473,0.00366445079223977
0.0248505509447913,0.00653639241207587,0.0149598422721159,0.00425305234199611,0.0281746953093604,0.00562785749939503,0.0322889740141099,0.00535189041249797,0.0140848406943029,0.0127603570770325,0.149836452622069,0.00181883284486391,0.141402126910288,0.0319409170656399,0.0141189347869895,0.00667621134487333,0.0213594940790445,0.0324743130484018,0.0260982144234303,0.036858874153991,0.0221603843304669,0.0202582760675022,0.0231355604602583,0.012140171568272,0.0150416390836208,0.00205305113127944,0.00371402955946718
0.0239226863694075,0.00576848734837233,0.0144826774940611,0.00403454787201088,0.0281272249119174,0.00547599257132513,0.032037467179175,0.00597253249937548,0.0131074865111838,0.0139975510856346,0.127716749357753,0.00227310389139376,0.131854740627359,0.0292277615158225,0.0133642571052382,0.0066863976855972,0.0207946878386193,0.0320330804043153,0.0255663529487021,0.0366255928456437,0.0213411688862422,0.0199628507082115,0.0229686137211739,0.013474376208137,0.0132729550800379,0.00166670227237423,0.00376601118122964
0.0230274126683971,0.00501930819490037,0.0140930683439262,0.00378704480856936,0.0281243214587976,0.00522107188340714,0.0316545918526428,0.00675087288051121,0.0124984320253487,0.0152251913747479,0.106017297619833,0.00279448891904142,0.122895962002806,0.0265815769081237,0.0125373859345214,0.00665708495703725,0.0202189188517618,0.0314909669325186,0.0250309985286163,0.0362790446935696,0.0204825913069981,0.0191997458867194,0.0227249066132307,0.0144869194878436,0.011353093196402,0.00155164955230592,0.00380428878152095
0.0221686135409008,0.00430001542923083,0.0137725295359015,0.00350115388804094,0.028159484137523,0.00486497991990271,0.0311209015696151,0.00767936636275288,0.0122893409196784,0.0164059775464276,0.0850304552524019,0.00331953639346943,0.114709719142079,0.024040890265337,0.0116850635912324,0.00660220226652261,0.0196378564276898,0.0308457376737297,0.0244977922262686,0.0358174140891835,0.019601316613781,0.0179838734166578,0.0223885978810189,0.0155329898079365,0.00936851752246884,0.00184805839003868,0.00382530472259359
0.0213489322889975,0.00362052371448323,0.0135007038923252,0.00316939262764458,0.0282258533449519,0.00441554420300856,0.0304201827498016,0.00873548604483864,0.0124961958194501,0.017500706316567,0.0652830582536357,0.00380782131636956,0.107497042062492,0.0216505631975053,0.0108505538946325,0.00653705498272143,0.0190571171516607,0.0300981656597917,0.0239715635715229,0.03524511282435,0.0187117597991747,0.0163547950913228,0.0219470342800382,0.0170616506623744,0.00740172305268675,0.00245920988434919,0.00384152071840495
0.0205701837546916,0.00298885139454746,0.0132568301698979,0.00278703574682873,0.0283163999728417,0.0038866320639026,0.0295405761686191,0.00988661149680336,0.0131150635370715,0.0184700996767076,0.0478139507702035,0.00423252787880747,0.101467469511013,0.0194619517395484,0.01006752307366,0.00647700921058927,0.0184820938186352,0.0292525778039258,0.02345601350866,0.0345717206332788,0.0178247677738536,0.0143789343055356,0.0213918159841601,0.0194333925664323,0.00552723672543915,0.00322198635538162,0.00387989126908157
0.0198336723884001,0.00241082103476894,0.0130208656367499,0.00235331978307,0.0284241864072397,0.00329794611041033,0.028475626009247,0.0110955304637169,0.0141212123633389,0.0192761184492872,0.0347152890058558,0.00457563807188949,0.0968221285985633,0.0175316648739271,0.00935503011209083,0.00643601997140308,0.0179177126487626,0.028317339079345,0.0229534685748938,0.0338106066748451,0.0169466359722329,0.0121512401021259,0.0207194682606385,0.0227397789032167,0.00380961428277889,0.00403240917154062,0.0039748539039006
0.0191403498572396,0.00189019426073664,0.0127742841550959,0.00187338935310894,0.0285426766481617,0.00267454757449678,0.027225167986358,0.0123251813378401,0.0154717757610174,0.019882971173787,0.0293614912734706,0.00482575406423016,0.0937279533783264,0.015918198857606,0.00871508128341194,0.00642518918475022,0.0173681410218615,0.0273050636622859,0.0224647203348166,0.0329774365497385,0.0160786407994363,0.0097965869092531,0.0199316821762773,0.0267818957157748,0.002306009285771,0.00482938373442786,0.0041569612308833
0.0184907979602841,0.00142918513054912,0.0125006445192322,0.00136167231778614,0.0286660583110281,0.00204610710276291,0.0257959510350726,0.0135420425376819,0.0171111092741034,0.0202580615620456,0.0338341287353389,0.00497706686844636,0.0922876296865528,0.0146759982910148,0.00813382647500919,0.00645161837561695,0.0168364988295041,0.0262323879217828,0.0219889661291723,0.0320887468594847,0.0152171878106436,0.00747091608289814,0.0190351482443651,0.0311823984047025,0.00108981008786171,0.00557260342756576,0.00444116766507608
0.0178850739737,0.00102917562097694,0.0121860469110335,0.000847786079923729,0.0287895201361764,0.00144580316900454,0.0242019019110348,0.0147181641739076,0.0189773700257991,0.020373085715927,0.0458978976850658,0.00502876164778974,0.0925157941775949,0.0138473163199349,0.00758633026867074,0.00651783561158761,0.0163246371285325,0.0251192564907149,0.0215238674664631,0.031160732985053,0.0143545607775317,0.00536010963678592,0.0180410492653688,0.0355019396147363,0.000439001341759983,0.00623327465107198,0.00482053664695794
0.0173224909282342,0.000691403892743391,0.0118195692853188,0.000385944507146998,0.0289094158112134,0.000908688462242073,0.0224639757138934,0.0158320986924075,0.0210088339324329,0.0202054165746229,0.0620135251296286,0.00498453532178887,0.0943330260392924,0.0134535871826543,0.00704349267837753,0.00662197192037567,0.015833039555306,0.0239877894421513,0.0210657378000033,0.030208342513952,0.0134801595908779,0.00366862575585361,0.0169643099898777,0.0393096878710467,0.000749553575689056,0.00679087646083146,0.00526856671306455
0.0168014136362025,0.000417430435569669,0.0113937211224448,6.47960997550328e-05,0.0290232514238698,0.000469310492630328,0.0206095738864904,0.0168690170485405,0.0231488845205571,0.0197398216686697,0.0799865791200785,0.00485207371365327,0.0975815667461285,0.0134891779437077,0.00647901350629679,0.00675865867697891,0.0153608772512958,0.022860873018555,0.0206098673134761,0.0292447085535389,0.0125820709944565,0.0025820228203373,0.0158227229746361,0.0422222069672782,0.00122521852209871,0.00723218888512026,0.0057480455184799
0.0163191302020508,0.000209289049761635,0.0109048971366089,0,0.0291294620868955,0.000158537767980157,0.0186715508624529,0.0178202377145217,0.0253491821936865,0.0189704821373747,0.0987265556563226,0.00464242143145268,0.102055471548141,0.0139201663287067,0.00587467491422702,0.00692041431928286,0.0149062146750434,0.0217606535564772,0.0201509874730692,0.0282809148023568,0.0116488143302812,0.00219742880316749,0.0146360846139363,0.043928758768811,0.00154917298988915,0.0075511095706823,0.00622148748097442
0.0158718194821837,6.93491887686777e-05,0.0103537793890398,0.00028322558169821,0.0292269851873338,0,0.0166868632930518,0.0186823454258435,0.0275710376392435,0.017903252257499,0.117677502486165,0.00436923253007396,0.107532453742835,0.0146887830294594,0.00522324104142456,0.00709918493571219,0.0144663344750874,0.0207071202641709,0.0196838573319026,0.0273260656245057,0.0106711112750024,0.00246497819245459,0.0134254897326734,0.044210578088855,0.00169934159483787,0.00774866013651214,0.00665932056221186
0.0154545990027338,0,0.00974562769696819,0.000922434410703214,0.0293146812891187,7.14750499910281e-06,0.0146949276316776,0.0194560692250451,0.0297853476041102,0.0165581595912326,0.136528107585335,0.00404792951060115,0.113797912089544,0.0157216563885035,0.00452922671811986,0.00728772178277939,0.0140381319287332,0.0197169296314991,0.0192039118791464,0.0263876188182569,0.00964353678131495,0.00320697298930396,0.0122129449018233,0.0429559154365983,0.00169526900366565,0.00783291458987268,0.00704438722285804
0.0150616212193564,3.28404490260133e-06,0.00909040333162697,0.00185561234853161,0.0293906893144485,0.000182154229528901,0.0127357477001114,0.0201451022323503,0.0319715780162954,0.0149723403318902,0.155085979965525,0.00369482189699614,0.120658375604511,0.0169388729549332,0.00380824387315944,0.00748057699090237,0.0136185233723725,0.018802561291527,0.0187078766227334,0.0254718897982642,0.00856593743366382,0.00420116401505782,0.011021458317346,0.0401710826227265,0.00156667697680639,0.00781870663025163,0.00737290772595831
0.0146861883973315,8.05673880279161e-05,0.00840267050392901,0.00300736407081516,0.0294518241014045,0.000517255603566926,0.0108478840162091,0.02075503151828,0.034116241912949,0.0132039673180016,0.173222106457008,0.003326242126634,0.127946363304201,0.0182615757676114,0.00308558641702912,0.00767461773597853,0.01320481509756,0.017971832541896,0.0181942552005791,0.0245845476643058,0.00744455924736413,0.00525150467447778,0.00987573491374217,0.0359878560185496,0.00134618826057538,0.00772700364858666,0.00765273085904617
0.0143208712664379,0.000232272974952744,0.00770120359107821,0.00431761435016336,0.0294931253347446,0.000997924503395075,0.00906638156774679,0.0212924843526723,0.0362111906636843,0.0113382181161288,0.19084489135665,0.00295775178570376,0.135520089554358,0.019617292622559,0.00239433914580115,0.00786905732825459,0.0127949830334409,0.0172277599240407,0.0176636340981567,0.0237308476739761,0.00629288985671405,0.00621439535264391,0.00880352017296643,0.0306689891691226,0.00106626390349406,0.00758381860189023,0.00789995507056051
0.0139576414125636,0.000457673238290272,0.00700820567311116,0.00574317508886683,0.0295076415589906,0.00160651047090384,0.00742083409350415,0.0217645130813214,0.0382518905410799,0.00949651526900467,0.207887206932491,0.00260346662198716,0.143260846743036,0.0209432808103399,0.00177271716588382,0.00806506965850572,0.0123878160619005,0.016568740737771,0.0171187832820008,0.0229153495364116,0.00513225968367794,0.00699702296679369,0.00783741156265444,0.0246186657520352,0.000757671258372209,0.00741850983551707,0.00813506367750837
0.0135880536052183,0.000754751545310123,0.00634804266047873,0.00725242442494256,0.0294864835150626,0.00232513701627232,0.00593380421405919,0.0221781786597194,0.0402357558099251,0.00784809182730793,0.224299405542975,0.00227555395781998,0.151069752142112,0.0221885512078453,0.00125968777467995,0.00826510676728521,0.0119828856751876,0.0159890215377559,0.0165645410069264,0.022140979396898,0.00399222406016139,0.00754733198122073,0.00701642990804521,0.0184214381896732,0.000449586856350274,0.00726136036266856,0.00837956900767179
0.0132035221578601,0.0011201705011125,0.0057454458781464,0.00882088863193876,0.0294191213546994,0.00313737680306603,0.00461982402808473,0.0225402723656685,0.0421605806642284,0.00661203328373029,0.240045133904885,0.00198397357691779,0.158864626913807,0.0233151140366835,0.000887830402479492,0.00847208541411918,0.0115803357268435,0.0154794137701199,0.0160074688142605,0.021407479565723,0.00291060463318231,0.00784404436577843,0.00638568371933756,0.0129756935172352,0.000174785255854355,0.00714051966519098,0.0086537242763669
0.0127957128821899,0.00154938473285962,0.0052232516619732,0.0104286099075527,0.0292938557769714,0.00402884650092632,0.00348517436180087,0.0228571231298918,0.0440231289010269,0.00601369427779004,0.255098489347512,0.00173654810012065,0.166577253301422,0.0242986912803375,0.000674350411005109,0.00868862825768045,0.0111805369665371,0.0150282039443444,0.0154552744279386,0.0207095236227094,0.00193273607358167,0.00788858343987636,0.00599152798431349,0.0097225752108357,0,0.00707877294481593,0.00897525146358409
0.0123570299376921,0.00203689343680378,0.00479992238778392,0.0120587441451126,0.0290983879937924,0.00498711436603208,0.00252857292570834,0.0231344499351527,0.0458179541795126,0.00616821053901241,0.269441837363809,0.00153940834216273,0.17415102944152,0.0251288825469017,0.000615309464277625,0.00891651785267987,0.0107836977452273,0.0146221869865123,0.0149160353403636,0.0200350249683132,0.00110895659598274,0.00769873362311063,0.0058706725672989,0.00982872549583952,3.23542492101205e-05,0.007091026995311,0.0093586343845959
0.011881137419979,0.00257656840415915,0.00448727997165275,0.0136968703965395,0.0288204474224183,0.00600129292618068,0.0017427654891728,0.0233772228661534,0.0475365123462256,0.0069873020506634,0.283063970788909,0.00139766950210206,0.181538967115371,0.0258086467159503,0.000689096420056625,0.00915645393431838,0.0103895372612394,0.0142477330286847,0.0143973026883363,0.0193643726438629,0.000489032179772209,0.00730364376439659,0.00603686084043917,0.0120766794713561,0.000160875768091254,0.00718348423203297,0.00981458559003653
0.0113634348234401,0.00316195141404636,0.0042889813776311,0.0153306929008862,0.0284484791115406,0.00706157257161795,0.00111681460299852,0.023589498064766,0.0491666043551919,0.00824285814274071,0.295958464996613,0.00131583184698676,0.188701964853602,0.0263529769082114,0.00086807726101481,0.00940812120803671,0.00999710408376744,0.0138917900184373,0.0139052043212251,0.0186714181034605,0.000112925293995886,0.00673995334808287,0.00647419602622397,0.0145093111964182,0.000274070097731396,0.00735490813557534,0.0103496002378678
0.0108014077778359,0.00378641155259432,0.00420017149016378,0.0169499467236283,0.0279724075843076,0.00815884174415919,0.000638686366244944,0.0237742049701354,0.050692179295631,0.00969923053115928,0.308122182430676,0.00129718576577451,0.195607298577737,0.0267867595824919,0.00113014557169341,0.00967049537567326,0.00960477427480209,0.0135427348962929,0.0134436863980646,0.0179270042340018,0,0.00604892347276325,0.00714260651571073,0.0161431259604771,0.000349625145958518,0.00759941187022251,0.0109657013147386
0.0101947976296654,0.00444309448686765,0.00420844359285972,0.0185463899614512,0.0273844594405172,0.00928446207988754,0.00029764252017647,0.0239328962534203,0.0520935330828998,0.011178159084424,0.319553944183527,0.00134209336434372,0.202227289783654,0.0271419700662186,0.00146374769505487,0.00994225544647859,0.00921040935276318,0.0131910153072014,0.0130140308378124,0.017105763452953,0.000142015996078681,0.00527442987954922,0.00799034621429847,0.0166606063885642,0.000387619105669668,0.00790953652118608,0.011660466058186
0.00954556834711232,0.00512467536840467,0.00429584412935332,0.0201138083152092,0.0266799551367017,0.010430215009522,8.60008389820732e-05,0.0240655101697734,0.0533479283627908,0.0125621418324373,0.330253421941377,0.00144629662287107,0.208538130143999,0.0274545169497187,0.00186604659796076,0.0102221502840525,0.00881161147012535,0.0128295613692587,0.0126147562058096,0.0161969247918186,0.000504793998259364,0.00446159140808496,0.00896470588257893,0.0161148534344106,0.000395832254707593,0.00827845985013135,0.0124273078598258
0.00885768687047641,0.00582301537218819,0.00444137451361642,0.0216479844151435,0.0258579180155926,0.0115883999038625,0,0.0241702173401301,0.0544306122797501,0.0137807129587511,0.34022031278798,0.00160068094343943,0.214518859149507,0.0277611430125665,0.00233713781983742,0.0105091920609308,0.00840599663639464,0.0124539749008586,0.0122419467666108,0.015219883905185,0.00103782224199302,0.00365570400930996,0.0100172980960699,0.01487274799895,0.000386672227365814,0.00870077006888882,0.0132558614554213
0.0081367640460142,0.00652887475454408,0.0046233979274969,0.0231466020503054,0.0249213525698061,0.0127520381598687,3.97194981011017e-05,0.0242434157315204,0.0553161426932514,0.0147980475296459,0.349453850510821,0.00179251201959294,0.220150507527491,0.0280967679061303,0.00287354716332441,0.01080260064743,0.00799142328445808,0.0120625111377258,0.0118899649255353,0.0142445662910027,0.00168607178211738,0.00290102362345276,0.0111052435917781,0.0136698244305226,0.000375625619470908,0.00917187541057311,0.014132260949936
0.00738962303070933,0.00723182593806423,0.00482152787773889,0.024609069248961,0.0238771264595673,0.0139151217335236,0.000208193202543961,0.0242799086453299,0.0559798933040375,0.0156042634481663,0.357952687020962,0.00200705226744689,0.225415430777394,0.0284925296283098,0.00346345116164496,0.0111014844084335,0.00756615037943233,0.0116558608501505,0.0115524131989692,0.0134126370790305,0.00239886287867286,0.00223883710628557,0.0121906143103883,0.013567903994501,0.000378463738662698,0.00968652768728353,0.0150391769386674
0.00662387131419477,0.0079204465487939,0.00501782661437488,0.0260362550397674,0.0227354967126104,0.0150728404299285,0.0005099821623286,0.024273271500395,0.0563996066844158,0.0162090281135702,0.365715149071979,0.00222880657565791,0.230296859609004,0.0289746144839218,0.00408481730734157,0.0114043132349657,0.00712893167863114,0.0112367334917098,0.0112231641175957,0.012943456084773,0.00313431352338794,0.00170435901835494,0.0132396162207746,0.0153804515467862,0.000406259181456032,0.0102370884301077,0.0159556658081702
0.00584755461094597,0.00858278759399959,0.00519735184335457,0.027430146805172,0.0215093812358147,0.0162217310136756,0.000949531451471661,0.024216393368054,0.0565568747858594,0.0166361817355245,0.372739838814206,0.00244236808336775,0.234778685974312,0.0295638115375582,0.00470637369833514,0.0117083139905599,0.00667906638644796,0.0108092499283937,0.01089729311089,0.0130907709699859,0.00386041491508551,0.00132254048466942,0.0142220964671128,0.0189736872347418,0.000461024419271095,0.0108121175412751,0.0168570876340296
0.00506896835182386,0.00920704488777902,0.00534820719614129,0.0287934529694341,0.0202134816860001,0.0173597096283586,0.00152963288967748,0.0241021586632106,0.0564384270074427,0.0169187965726169,0.379026498169739,0.00263309428544546,0.238845486847373,0.0302756085738482,0.00529053974844623,0.0120089761942119,0.00621642637630748,0.01037818668827,0.0105718074151318,0.0140320797817173,0.00455425289682489,0.0011038757694989,0.0151114729510239,0.0236060563836379,0.000536373518815209,0.0113956827280635,0.0177154682993252
0.0042966963023773,0.00978233667159473,0.00546128443467874,0.0301291920977358,0.018863353451635,0.0184859721572927,0.00225025453142883,0.0239242019607101,0.0560371096940919,0.0170946629032348,0.384577000564756,0.00278777151539503,0.242482764223037,0.0311205851429296,0.00579734755688656,0.0122998719689748,0.00574147714035512,0.00994816760312724,0.010246116386948,0.0157613126780028,0.00520046533512315,0.00104212908341731,0.0158849852628274,0.0285665539623545,0.000622130887139599,0.011967550898438,0.0185006409322762
0.00353993697415654,0.0102995009561703,0.00552986661045916,0.0314403109490504,0.0174745217720489,0.0196007729939172,0.00310788470162755,0.0236776359928231,0.0553524708022601,0.0172025331186136,0.389396297199511,0.00289530193012731,0.245677351867412,0.0321048716302149,0.00618866302551835,0.0125729530965657,0.00525530735629603,0.00952295183027591,0.00992221552521685,0.0180899888193966,0.00578955545421259,0.00111561616514706,0.016524104158604,0.0333475858466294,0.000708299121009802,0.01250421116294,0.0191823175496413
0.00280916904189336,0.0107518399928247,0.00554922104276268,0.0327293606702403,0.0160617498207748,0.0207051187293957,0.00409539912339434,0.023359647442944,0.0543909149835578,0.0172795468791263,0.393493161568321,0.00294736795633692,0.248417917300173,0.0332305071452079,0.00643234372356937,0.0128193892048019,0.00475967818194257,0.00910499844351446,0.00960457805468756,0.0207350919468888,0.00631638580312772,0.00129208918804584,0.0170149356000958,0.0376117509320801,0.000786758293581269,0.0129805428901582,0.019733024163579
0.00211719347023286,0.0111357283479452,0.00551626421133437,0.0339982454186791,0.0146385517407429,0.0218004307241762,0.00520234232618817,0.022969887814717,0.0531654441308409,0.0173600853771239,0.396880639824466,0.00293899045130303,0.250695485023062,0.0344955971926724,0.00650622807827997,0.0130308760065429,0.004257097134928,0.00869548669742786,0.00929978590626335,0.02339921149061,0.00677900526057127,0.00153557081598528,0.017348481406281,0.0411475845299108,0.00085159703116217,0.0133718840613586,0.0201316473011422
0.00148053645641443,0.0114509731854483,0.00542933328884009,0.0352480490324296,0.0132170035826133,0.0228882299843184,0.0064154600727583,0.0225106350807431,0.0516950325612773,0.0174759227365974,0.399576182415669,0.00286888374864204,0.252503928589071,0.0358942333396053,0.00640205660467049,0.0132012073523766,0.00375091551370038,0.00829492668022291,0.00901597459604435,0.0258114576210167,0.00717784813959536,0.00181297078903083,0.0175206610226308,0.0438411658460841,0.000899002528527173,0.0136562484592415,0.0203671272656392
0.000920987186277637,0.0117008093303273,0.00528805835794186,0.0364789396776764,0.0118078503993624,0.0239698808202169,0.00771933424197189,0.0219867352314144,0.0500037059303578,0.0176571258291135,0.401601472105974,0.00273952619286758,0.253840411035577,0.0374162133155586,0.00612958265396538,0.0133278029946014,0.00324544542963047,0.0079043896494969,0.00876218237102572,0.0277458165271539,0.0075152690318822,0.00209902905997125,0.0175320561896295,0.0456570840294311,0.000927085121353538,0.0138164541389143,0.0204415392436484
0.000466462726648686,0.0118914585048872,0.00509330580344524,0.0376901466975898,0.0104208607287269,0.0250464069152427,0.00909702927513635,0.0214053437807581,0.04811940719268,0.0179328900816616,0.402981979200048,0.00255691465433459,0.254705772522512,0.0390466832400439,0.00572113983228177,0.0134128375435504,0.00274609167358629,0.00752722477454216,0.0085476742688733,0.0290324117120311,0.00779533436033505,0.00237916057556118,0.0173874036188872,0.0466230794632986,0.000935713737078049,0.0138419400161894,0.0203715635046773
0.000149355652856361,0.0120312790822235,0.004847161352595,0.038879999988202,0.00906535765733812,0.0261183723263796,0.0105307236446998,0.0207754946807916,0.0460727468750744,0.0183314924191961,0.403746282591967,0.00233003853517314,0.255104860245652,0.04076586291899,0.00523648807768926,0.0134636390659425,0.00225949094402627,0.00717095913819024,0.0083812811462189,0.0295664238425533,0.00802377295070417,0.00265044163240915,0.0170949135679347,0.0468156959044674,0.000926344011287357,0.0137300659792088,0.0201874783945426
0,0.0121296492808813,0.00455293304240359,0.0400460209206773,0.00775085690451061,0.0271858056191024,0.0120023417131573,0.020107547600763,0.0438957414593868,0.0188788066824311,0.403925199231356,0.0020701593433881,0.25504677991004,0.0425489793706438,0.00476607262958435,0.0134921296146146,0.00179364108030636,0.00684894486413357,0.00827078045502869,0.0293145074804656,0.00820798752782275,0.00292118301117634,0.0166655224866859,0.046346069742664,0.000901804316687143,0.0134867447216913,0.0199295051917452
3.56513936063821e-05,0.0121958175351141,0.00421516657654288,0.0411850540884098,0.00648774745257159,0.028248145856477,0.0134942061218172,0.0194125975007683,0.0416206299749388,0.019595348114802,0.403550761744616,0.00179000047817199,0.254545036776565,0.0443664489409229,0.00442678054155163,0.0135132796923669,0.00135797969194209,0.00658118624927723,0.00822235442637344,0.0283180635212781,0.00835704388491466,0.00320945828839283,0.0161121918979702,0.0453459601678307,0.000866006425093779,0.0131263584309822,0.0196422964872867
0.000251710188278135,0.0122379722647621,0.00383966973738359,0.0422934307551435,0.00528794251082102,0.0293042070409025,0.0149897049170753,0.018701943776707,0.0392788265210215,0.0204925101953623,0.402655077032338,0.00150295059796004,0.25361753034867,0.0461842724221756,0.00433981761224716,0.0135428359907314,0.000963329876530216,0.00639360983603717,0.00824017447275254,0.0266937618325909,0.00848157603573696,0.00354076305158137,0.0154493449798356,0.0439545976773758,0.000823547490510444,0.0126710258500464,0.0193689694683918
0.000623046773234993,0.0122627104118192,0.00343353904553003,0.0433671556535011,0.0041654091588374,0.0303521795808901,0.0164739366910288,0.0179866899366508,0.0369000350675689,0.0215692379861938,0.401269095213468,0.00122238034459691,0.252286364640132,0.0479645917038442,0.00458779703862298,0.0135948577821999,0.000621574232842672,0.00631501211644561,0.00832615779826527,0.0246324333182625,0.00859356349701569,0.00394479646722963,0.0146924962869764,0.0423070403306697,0.000779177323402409,0.012149323950389,0.0191460300987752
0.0011138801827832,0.0122749505353499,0.00300517563377883,0.0444021058653669,0.00313646387689434,0.0313896934893298,0.017934282487033,0.0172774885399578,0.0345115384809785,0.0228104252464373,0.39942132274665,0.000961168716488811,0.250577440293649,0.0496664116665671,0.00517665743467442,0.0136796913992806,0.000344878361640717,0.00637151936625225,0.00847992027471778,0.02239628595879,0.00870594667579993,0.00445130575331993,0.0138580940258192,0.0405246538010637,0.000737146812562407,0.0115945075928702,0.0190000410183116
0.00168769786514092,0.0122782051214473,0.00256427196494167,0.0453942268942507,0.00221970182897225,0.0324139500930329,0.019360852522578,0.0165843921154757,0.0321376664918976,0.0241876921831987,0.397136527055139,0.000731499022089976,0.248519817026877,0.0512465788378416,0.00603868003303686,0.013802847542116,0.000144339635029151,0.00657990263920287,0.00869892157107679,0.0203087994998688,0.00883205194254972,0.0050851216044597,0.0129635671168714,0.0387082397665149,0.000700541835663477,0.011042173073731,0.0189463241828976
0.00231242551985025,0.012275052337383,0.0021217462156258,0.0463397120023365,0.00143541120490026,0.0334218983688801,0.0207467581254352,0.0159167506240422,0.0297994272122435,0.025662291314076,0.394434502536439,0.000544780234681642,0.246144871737842,0.0526611758962525,0.00707067342942369,0.0139649286504628,2.81795793469768e-05,0.00694259796666466,0.00897877704773093,0.0187194369116968,0.00898481050137199,0.00586093770838339,0.0120275456820357,0.0369342307979173,0.00067079598811629,0.010527278500575,0.0189895253832938
0.00296163906617984,0.012267647954982,0.00168959549077261,0.0472351554099331,0.00080433105817945,0.0344104119043945,0.0220881690165613,0.0152831168280743,0.0275142652910399,0.0271892693012822,0.391328994183702,0.000410881958639415,0.243485310051207,0.053867504662947,0.0081707284155169,0.0141624489466774,0,0.00744693683494762,0.00931369848976541,0.0179181859179409,0.00917578807710326,0.00677887357362809,0.011070192902017,0.0352541185611969,0.000647570344996112,0.0100805626045615,0.0191254895651371
0.00361405268398924,0.0122581739420904,0.00128063477194106,0.0480776740839065,0.000345695043807938,0.0353764282373624,0.0233841424612673,0.0146911587788537,0.0252959209631811,0.0287219092910531,0.38782689332051,0.000335050955936563,0.240574103598552,0.0548267705513899,0.00925632226532052,0.0143891949371279,5.78918110907616e-05,0.00806861466883566,0.00969701833789594,0.0180152402254571,0.00941410041267651,0.00782208726513505,0.010113545576084,0.0336968402898076,0.000629046439449054,0.00972475739460156,0.0193436221827939
0.00425267189254911,0.0122491872755264,0.000908090880792942,0.0488649963736387,7.4717969098039e-05,0.0363170363803281,0.0246362462774481,0.0141476010160305,0.0231544020873459,0.030215719753506,0.38392781906385,0.000313201538054517,0.237443421027369,0.0555074352233899,0.0102686338617024,0.0146377151611283,0.000194942430763982,0.00877716006376501,0.0101217465798374,0.0188845942286897,0.00970535914271332,0.00895739223076055,0.00918171785464797,0.0322733649351408,0.000612492953905418,0.00947148459440564,0.0196289194292604
0.004864111909005,0.0122438672480067,0.000585033333020035,0.0495955185914847,0,0.0372295199578943,0.0258480251646319,0.0136582090369388,0.0210960986341828,0.0316315588098194,0.379624176667024,0.000332317826765481,0.23412359980378,0.0558889705268018,0.011170921977845,0.0149005874925825,0.000400978513718443,0.00954101781712004,0.0105811051615956,0.02024246477569,0.0100508438711243,0.010139019492679,0.00830078196081187,0.0309824152502753,0.000594881910412857,0.00931999908510947,0.0199632234843353
0.00543815218615855,0.0122461496430695,0.000323646966406261,0.0502683295331556,0.000121571913774624,0.0381113697375017,0.0270243739565315,0.0132278026594294,0.0191240544455637,0.0329377456905352,0.374901748679516,0.000378149618916433,0.230642177827449,0.0559654729995269,0.0119450022716435,0.0151712422241013,0.000664784148743052,0.0103311175943656,0.0110689829776355,0.0217812940713236,0.0104470983625109,0.0113147793737668,0.00749808672702005,0.0298162385749443,0.000573383187668813,0.00925854410344147,0.0203257284755045
0.00596746703889048,0.0122607113340525,0.000134382597053599,0.0508831976577992,0.000430244459953298,0.0389602735017978,0.0281708874050639,0.0128602501457012,0.017238406763631,0.0341111838514867,0.369740838361751,0.000441291416715171,0.227022992718353,0.055748427775835,0.0125872249957114,0.0154442654790832,0.00097600457953127,0.0111229202830009,0.0115802597474902,0.023254757106252,0.0108860878547818,0.0124333490837563,0.00680070596321367,0.028765547634313,0.000545678259585279,0.00926803823175251,0.0206930580679398
0.00644745965815539,0.0122927672765083,2.50566698652878e-05,0.0514405125650164,0.000908486094399053,0.0397740864065044,0.0292932542156354,0.0125583785232247,0.0154370315686763,0.0351376149724885,0.364117944677578,0.000517545847164764,0.223285376243947,0.0552679925692797,0.0131044184890729,0.015715232711543,0.00132633766297022,0.0118973616230856,0.01211096430081,0.0245014730211238,0.0113559417326259,0.0134513045761861,0.00623272775977583,0.027823100950463,0.000510122523843951,0.00932682938273297,0.0210394366257525
0.00687614087683634,0.0123476677887318,0,0.0519411776029487,0.00153247922435028,0.0405507909782301,0.0303967490024918,0.0123237573099681,0.0137164504550569,0.0360111667834032,0.358007888618145,0.000605893273259876,0.21944349960771,0.054572457762825,0.013510058490066,0.0159802088682363,0.00171001706903636,0.0126410906448551,0.0126582625884483,0.0254389748974212,0.0118421754979538,0.0143386229752817,0.00581145578278105,0.0269858047510421,0.000465823790252417,0.00941502125558929,0.0213376190667619
0.007254006012618,0.0124303180130395,5.93686401115633e-05,0.0523864621009387,0.00227466175586047,0.0412884677913193,0.0314858524593596,0.0121563702731648,0.0120730065589868,0.0367333820202167,0.351386224493362,0.000706650359633043,0.215505930481189,0.0537258108607101,0.0138208659644099,0.0162351000260523,0.00212378649385455,0.0133462547959668,0.0132203073987893,0.0260499480904155,0.0123291849543318,0.0150815659061725,0.00554344930089772,0.0262556024481797,0.000412711732360316,0.00951737127647685,0.0215610436030168
0.00758387333782452,0.0125444779422256,0.000198719028647703,0.0527778319855669,0.00310610312652362,0.0419853013735417,0.032564005957632,0.0120542478681933,0.0105041997185322,0.0373119242584115,0.344231677756968,0.000820249748362718,0.211475444497703,0.0528034776037792,0.0140539460890753,0.01647505978774,0.00256658141579076,0.0140099696786033,0.0137960114870914,0.0263681900800041,0.0128017711264327,0.0156821673648162,0.00542221110340234,0.0256396652693818,0.000351685873598332,0.00962444373213388,0.0216870368048862
0.00787066203341491,0.0126920413722996,0.000408915832672305,0.053116780418261,0.00399835164713413,0.0426396335915606,0.0336334871975899,0.0120131560242387,0.00900994796657287,0.0377591232340947,0.336528303170131,0.000946386744139617,0.207349115577393,0.0518864008863325,0.0142245073872406,0.0166941432041856,0.00303907831973127,0.0146335515847347,0.0143848131023032,0.0264651398903619,0.0132464899046118,0.0161541515986579,0.00542914009999754,0.025150432998643,0.000284971309662647,0.00973219888232073,0.0217002683423715
0.0081211057250612,0.0128724154903829,0.000676396340716383,0.0534046752246119,0.00492468803602194,0.0432500557705155,0.0346953809316732,0.0120264227926058,0.00759349714270575,0.0380904506145578,0.328267103541092,0.0010833638150186,0.203118704574466,0.0510537650553693,0.0143442214354232,0.0168853487770207,0.00354321074066123,0.0152215634816111,0.0149864863278942,0.0264360306524908,0.0136526912124304,0.0165160519679771,0.00553768510295211,0.0248058664533648,0.000216874068426195,0.00984047105632479,0.0215954749264031
0.00834341346703588,0.0130821057329913,0.00098377759840625,0.0536426310592174,0.00586089453352141,0.0438155158124096,0.0357496158423013,0.0120849541638688,0.00626176836233892,0.0383229593570165,0.3194469805895,0.00122766617030912,0.198771365944599,0.0503749336126781,0.0144203562428436,0.0170410907736339,0.0040817086835576,0.0157807200700512,0.0156010220024583,0.0263848001731657,0.014013179112459,0.0167833312036751,0.00571883086001633,0.0246299207367305,0.000155097101896138,0.00995091121093363,0.0213787204143288
0.00854689726201367,0.0133145617401723,0.00131077434127482,0.0538314071088695,0.00678569381899097,0.0443354158755699,0.0367950441939502,0.0121774610947603,0.00502507203099031,0.0384737140977813,0.310075029353974,0.00137387447797781,0.194290676993141,0.0499015164690552,0.0144558076557281,0.0171540240894245,0.0046576894585097,0.0163187175229604,0.0162285800922214,0.026407940468645,0.0143244771986833,0.0169618952217639,0.00594575422055435,0.0246528541546585,0.000111964586456292,0.010064967107505,0.0210668529480493
0.00874158297105176,0.0135602967863136,0.00163539605647253,0.0539713299840695,0.00768098132821741,0.0448096849633842,0.037829550098551,0.0122908981121252,0.00389624827154418,0.0385582695796268,0.300166271052806,0.00151495909099914,0.189657954262422,0.0496607734422199,0.014450001735283,0.0172180422444784,0.00527430602863548,0.0168430866234852,0.0168694936054737,0.0265792324014795,0.0145867327794282,0.0170451195416304,0.00619656513306971,0.0249107274074497,0.000101790294004555,0.0101823515333494,0.0206852574427151
0.00893781454938526,0.0138072798027559,0.00193539480000828,0.0540622467921905,0.00853192261280159,0.0452388184726653,0.0388501815004029,0.012411101313941,0.00288937450554846,0.0385892831821017,0.289742948093129,0.00164289471886131,0.184853772642769,0.0496515886961586,0.0144004365906884,0.0172292143221103,0.00593444227049164,0.0173601875677472,0.0175242865402614,0.0269389151798164,0.0148033357053478,0.0170153712546408,0.00645520130855752,0.0254434791483025,0.000130384076787339,0.0103002428269329,0.0202644556663992
0.00914585790711237,0.0140416018749815,0.00218992205778993,0.0541035211225386,0.0093269459161402,0.0456238782510161,0.0398533054839666,0.0125236109958123,0.00201823058815095,0.0385753615056859,0.278833511240775,0.00174945809506842,0.179859573899602,0.0498439148803799,0.0143045175799226,0.0171864309034029,0.0066404378288631,0.017874453419158,0.0181936569267703,0.0274906444375858,0.0149803486122017,0.0168494806926738,0.00671105201064062,0.0262913080295157,0.000188396777188618,0.0104132391729163,0.0198363374083224
0.00937551500534992,0.0142484069379882,0.00238131231659402,0.054094085937213,0.0100576409631445,0.045966445963822,0.0408347816368817,0.0126146724290666,0.00129476455648986,0.0385202435595101,0.267471428149878,0.00182705052519429,0.174659255348217,0.0501819680523865,0.0141613573761085,0.0170915962840565,0.00739383120158336,0.0183879508589147,0.018878380679862,0.0282069277762821,0.0151258430973526,0.0165263690090269,0.00695787721837437,0.0274895743224315,0.000259487379111118,0.010513921281667,0.0194306077291782
0.00963576781999772,0.0144130394354942,0.00249684512873169,0.0540325563907214,0.0107185755623183,0.0462685262739404,0.0417901396432567,0.0126724175889882,0.000727849477339719,0.0384224140515696,0.255693934641622,0.00186942050006211,0.169240647913505,0.0505907546540728,0.0139732840782857,0.0169493249985747,0.00819512292573338,0.0189002770745933,0.0195791204503806,0.0290403126189538,0.0152492253746224,0.0160345666322044,0.00719241813647791,0.0290627950887139,0.000328859602500202,0.0105938077742887,0.0190716609572633
0.00993447819949062,0.0145223142415304,0.0025302588415434,0.0539173903686784,0.0113070528279439,0.0465324049881776,0.0427147468355229,0.0126882153086528,0.000322611224587964,0.0382752053893748,0.243540835313679,0.00187222106815832,0.163596800837897,0.050984946401793,0.013746852508017,0.0167662400089352,0.00904357204121029,0.019408763116221,0.0202961672833147,0.0299359615265011,0.0153606245873303,0.0153777330357266,0.0074129586743755,0.0310184008038914,0.000385189473504027,0.0106444922394895,0.0187760108030252
0.0102781681387389,0.014565776179438,0.00248273090016555,0.053747078305183,0.0118228459804196,0.046760475653338,0.0436039604326815,0.0126581204805455,8.04913864294317e-05,0.0380673817673776,0.23105343677775,0.00183337873307509,0.15772699021913,0.0512788334343989,0.0134931980175003,0.0165500739884028,0.00993704349728983,0.0199089098159334,0.0210291780466152,0.0308420450959745,0.0154703966796996,0.014577164378395,0.00761802734599768,0.0333408253404096,0.000420575253578852,0.0106587740366358,0.0185506325624044
0.0106718945991138,0.0145368048971338,0.00236306005759899,0.0535203466050956,0.0122679556123599,0.0469550524906204,0.0444532675440054,0.0125842694333925,0,0.0377841351867676,0.218273661665754,0.0017532672723555,0.1516373823478,0.0513960883912572,0.0132276546821226,0.0163088037856786,0.0108719218691631,0.0203949468852385,0.0217769763477746,0.0317163202379722,0.0155887522642555,0.0136711523491953,0.00780539331692168,0.0359864067596588,0.000431154562063404,0.0106316066254399,0.0183926510486176
0.0111192174996862,0.0144334438586964,0.00218691968392144,0.0532363596163219,0.012646423181012,0.0471181876388715,0.0452584162216697,0.012475989796258,7.78902062374713e-05,0.0374084052633283,0.205243351646813,0.00163471227691275,0.14534132020029,0.0512782613525141,0.0129686834442997,0.0160500036149189,0.0118430993455109,0.0208603980488107,0.0225374555596557,0.0325289274317871,0.0157254608626144,0.0127116369742717,0.00797147501672265,0.0388795908902667,0.000418943807119283,0.0105607052705597,0.0182905080382926
0.0116222453366592,0.0142588801276366,0.00197524813541384,0.0528948994461109,0.0129642008480318,0.0472515072854086,0.0460155352055812,0.0123503400329484,0.000310361532076122,0.0369224619812695,0.192003745769836,0.00148291686720148,0.138859250332338,0.0508911827148033,0.0127362766256431,0.0157805151175459,0.012844037611571,0.0212985709561121,0.023307578634832,0.0332623085399939,0.0158895533628373,0.0117589196854179,0.00811122625099794,0.0419110135480038,0.000395171463241092,0.0104467094067936,0.0182263451222441
0.0121817339730106,0.0140215463842656,0.00175200436451584,0.052496499199351,0.0132290344159659,0.0473560779282891,0.0467212344362628,0.0122317812671199,0.000693936414319643,0.0363097108531824,0.178595133173258,0.00130545609590537,0.132218353699233,0.0502287067119251,0.0125500850756321,0.0155064269357801,0.0138668992824621,0.021702950843033,0.0240834368117139,0.0339093491391926,0.0160889611955402,0.0108754636522205,0.00821849340315909,0.0449380846789537,0.000384214304075087,0.0102928821424432,0.0181791320443177
0.0127972104037182,0.0137348316470598,0.00154160409678404,0.0520425111224162,0.013450280417606,0.0474323141251783,0.0473726749414884,0.0121507386368257,0.0012258252881053,0.0355566423166129,0.165056710749727,0.00111252269006909,0.125451995842701,0.0493134571997397,0.0124275453216384,0.015233252835649,0.0149027439813038,0.0220675162815334,0.0248603216416711,0.0344707004378196,0.0163300788972214,0.0101200835839402,0.00828676775295579,0.0477886129411847,0.000421177879105171,0.0101044212625212,0.0181280214432026
0.013467094084405,0.0134163774628973,0.00136639478777637,0.0515351034968401,0.0136385653554366,0.0474799395737785,0.0479675963232932,0.0121409631850203,0.00190379835980082,0.0346547559890466,0.151426689066306,0.000917665773081288,0.118599191580191,0.0481944591276795,0.0123822654907831,0.014966126981142,0.0159417799780661,0.0223869947254395,0.0256327786492352,0.0349519778451103,0.0166172870504619,0.00954395777848241,0.00831020984486413,0.0502677634190433,0.000532683594141979,0.00988752784320924,0.0180553973384985
0.0141887944785162,0.0130869420209221,0.00124454827756184,0.0509771907423881,0.013805218779302,0.0474980088484103,0.048504296726734,0.0122358692851461,0.00272572759321749,0.0336022084034834,0.137742668423136,0.000739255445904316,0.111704380162328,0.0469417976660076,0.0124228629600533,0.0147098265187974,0.0169736551952241,0.0226570614604489,0.0263946363291699,0.0353612834878687,0.0169525104242009,0.00918954299891318,0.00828479652992764,0.052168316639514,0.000718316509968447,0.0096484197089403,0.0179491231484346
0.014958775357982,0.0127688724564682,0.00118871663768959,0.0503723069349745,0.0139614747346077,0.0474849890074622,0.0489815740162357,0.0124643609449511,0.00368902078324645,0.032404925515859,0.124042279797116,0.000601962478338908,0.104817875445108,0.045638767486274,0.0125523562056627,0.0144684910670692,0.0179877741697366,0.0228744857757611,0.0271390322668175,0.0357072983600992,0.0173349084986786,0.00909238359990541,0.00820941846550654,0.053283917509165,0.000959226039232361,0.00939248021774096,0.0178036436963186
0.0157725909713053,0.0124843281377328,0.00120566178140963,0.0497244356605783,0.0141175171153285,0.0474388944685433,0.0493986493031092,0.0128469670281566,0.0047901546102318,0.0310769955987986,0.110364097225683,0.000533485749164195,0.0979973233169381,0.04437234319683,0.0127681279807932,0.0142450218424747,0.018973643813087,0.0230372364712727,0.0278584786246221,0.0359980390481583,0.0177607963135145,0.00928422482222332,0.00808672768315504,0.0534247914015076,0.00123381494591927,0.00912369438721628,0.0176198371004123
0.016624909539106,0.0122534955244628,0.00129683850129046,0.0490378109722257,0.014281513762925,0.0473574670937567,0.0497550956924098,0.0133932105592955,0.00602444487689438,0.0296402703586048,0.0967489098087316,0.000549085566479939,0.0913103216100711,0.0432231701389353,0.0130624143076952,0.0140402824853048,0.0199212596470469,0.02314455730628,0.0285450093210683,0.0362402522873459,0.0182238657705759,0.00979467730234502,0.00792350723428628,0.0524351845375244,0.00152316503240625,0.00884445330915941,0.0174037646732016
0.0175095412667848,0.0120930751520957,0.00145966797491704,0.0483167068002757,0.0144588228986588,0.0472383934239122,0.0500507864668368,0.0141008998039069,0.0073860824404424,0.0281232132445811,0.083241622605312,0.000636804886832703,0.0848380487913958,0.0422565540689523,0.0134232351890192,0.0138523450265811,0.0208215241542367,0.0231970123933766,0.0291904281006352,0.0364393140066849,0.0187157234891277,0.0106490028984796,0.00773032482452051,0.0502115522938059,0.00181110591488828,0.00855572382861299,0.0171646305272485
0.0184194846172332,0.012015278744979,0.00168909695397384,0.0475652354971318,0.0146515523340755,0.0470795485945264,0.0502858676786389,0.0149574843506993,0.00886833919925369,0.0265591339104127,0.0698944181692331,0.000768444579411443,0.0786793651598498,0.0415159706171694,0.0138356552294494,0.0136760753284511,0.0216666494876054,0.023196495191797,0.0297866459643941,0.0365994319724047,0.0192266929906015,0.0118616568138699,0.0075202752862406,0.0467204536093144,0.0020836106693998,0.00825750298819027,0.0169123068195894
0.0193470030309292,0.0120274580963495,0.00197905330390594,0.0467871770555386,0.0148585986484045,0.04687925091183,0.0504607591502764,0.0159430128093484,0.0104637659362785,0.0249840389426171,0.0567726092281572,0.000918601523418158,0.072954390361839,0.0410202392005179,0.0142832290291995,0.0135033018433158,0.022450471132976,0.0231461968994659,0.0303260776420351,0.0367239543403308,0.0197467650864523,0.0134278955815331,0.00730676772207562,0.0420155481528629,0.00232852465926263,0.00794942262931149,0.0166547982229925
0.0202837466020905,0.0121323334605536,0.0023235450332401,0.0459858562221346,0.0150761963845073,0.0466365059437883,0.0505761937758315,0.0170338456438579,0.0121642216057524,0.0234343999952036,0.0439666274439983,0.00107021738589574,0.06780588355938,0.0407646441186718,0.0147494415704498,0.0133236743750324,0.023168609682241,0.0230505323583719,0.0308020631092986,0.0368156453924637,0.0202665430458779,0.0153171434341213,0.00710061283368439,0.0362547319361461,0.0025355614417813,0.00763135321461812,0.0163961094656944
0.0212209332449342,0.0123286543467713,0.00271731834100688,0.0451640771236085,0.015298891424403,0.0463512175980683,0.0506333085056252,0.0182062415609745,0.0139607034507719,0.0219451569559299,0.0316192946517526,0.0012124993784301,0.0633957640711965,0.0407251894112792,0.0152189159638681,0.0131261462993927,0.0238184581071942,0.0229150193549583,0.031209279799502,0.0368768522909233,0.0207780318098904,0.0174709000740051,0.00690707496460863,0.0297236135355454,0.00269641266696425,0.00730387973331064,0.0161350833924081
0.0221495938056673,0.0126120633289905,0.00315611754839016,0.0443241169012102,0.0155207533378252,0.0460243448474628,0.0506337935673779,0.0194391732902647,0.0158431189524569,0.0205482043305313,0.0199953116521973,0.00133838310288155,0.0598932567582802,0.0408643808049136,0.0156781780227532,0.0129008567536807,0.0243990179665232,0.0227461065512362,0.0315441044986815,0.0369095296521691,0.0212751590904205,0.0198056952064015,0.00672390014027737,0.0228882158646236,0.00280489144392137,0.00696857200435106,0.0158656739525553
0.0230608664572129,0.0129759594663757,0.0036366541542417,0.0434677717124846,0.0157365924537228,0.0456579849687595,0.0505800884309162,0.020716069464109,0.0178002233692736,0.0192714561055358,0.00967762836104104,0.00144306281388611,0.0574519951336961,0.041136858279013,0.0161158776424954,0.0126410771093701,0.0249106401266706,0.0225509499993775,0.0318048751370742,0.0369151345343551,0.021753977266681,0.0222197539630637,0.00654136547434565,0.0165501786084982,0.00285707594423537,0.00662802763015173,0.0155786668188274
0.0239463089109452,0.0134122390432436,0.00415640838393494,0.0425964422398822,0.0159429616667577,0.0452553699107399,0.0504755916087736,0.0220254769434653,0.0198198593483721,0.0181383876832705,0.00210109667072832,0.00152331343199195,0.0561782277090634,0.0414937953857065,0.0165225387114941,0.0123448272011989,0.0253547361693442,0.0223371420640389,0.0319920075998231,0.0368944606681496,0.0222125622966713,0.0246015278543146,0.00634498931894689,0.0122198059537187,0.00285142735506454,0.00628571623051577,0.0152642778271002
0.0247981934770812,0.0139118756501435,0.00471337483596563,0.0417112445386196,0.0161387816375615,0.0448207734646043,0.0503248392583259,0.0233608225816281,0.0218894510126996,0.017167784305987,0,0.00157719923850706,0.0561006906761981,0.0418858029932876,0.0168900514973285,0.012015767619711,0.0257335167310651,0.0221123952415374,0.0321079495639843,0.0368475119615449,0.022650677312519,0.0268386805596962,0.00612086921651349,0.0118346195156172,0.0027888491992967,0.00594569230741065,0.0149147674063541
0.0256097609762281,0.0144653579510796,0.00530583484635681,0.0408131345048254,0.0163255037110984,0.0443593384253719,0.0501336098291928,0.0247195305496939,0.0239965899892862,0.0163733649891703,0.00429878812529625,0.00160391525200199,0.0571577391143918,0.0422647140774501,0.0172111631027354,0.0116630433318836,0.026049790426249,0.0218841842681525,0.0321569851937402,0.0367734930744747,0.0230692865268931,0.0288267154452832,0.00586302317138655,0.0149023354952979,0.00267265650551109,0.00561226569670366,0.0145263542584208
0.026375427137943,0.0150630302792224,0.00593219676761927,0.0399030367080865,0.0165068106489587,0.0438768380487047,0.0499089200659374,0.0261017656428656,0.0261295827475476,0.0157630485185089,0.0121474517730476,0.00160366564057595,0.0592103359192656,0.0425849086247458,0.0174791604017917,0.0112999014265002,0.0263068319681495,0.0216593632846283,0.0321449178531848,0.03667093594847,0.0234699944629665,0.0304767515778514,0.00558170162933339,0.0190033557253819,0.00250844234712801,0.00528971549432709,0.0141000898245118
0.0270909500494009,0.0156953867749909,0.00659089962093177,0.0389819693859147,0.0166879525802953,0.0433793853846831,0.0496588829420203,0.0275090636408254,0.0282779324482706,0.0153378760473594,0.0212459501901314,0.00157758535693688,0.0620739745211132,0.0428047803680122,0.0176878282191211,0.0109411525021788,0.0265083053293592,0.0214437968539393,0.0320786566600841,0.0365379254787587,0.0238544681497033,0.0317219846045208,0.00531092992813666,0.0226066885664594,0.00230386261923904,0.00498209792011146,0.0136417132377223
0.027753574507298,0.016353357157519,0.00728033971563798,0.0380511579784067,0.0168749000750175,0.0428731056903776,0.0493924076205854,0.0289430868022802,0.0304327920499692,0.0150909230679511,0.0306458413955401,0.00152771595204322,0.0655534138700762,0.0428886597536338,0.017831665084483,0.0105999022411076,0.0266582102569473,0.0212420562359368,0.031965736745457,0.0363723643618952,0.024223891053511,0.0325223023837034,0.00511159368968072,0.0249984854288052,0.0020683980496142,0.00469313506501927,0.0131606970699985
0.0283621683355757,0.0170285933184093,0.00799876840832276,0.0371121311533628,0.017073521197891,0.042363795603266,0.0491187499994798,0.0304046943938665,0.0325874121001486,0.0150067548446692,0.0399689221611297,0.00145699496129256,0.069467961721165,0.0428091419621516,0.0179062781990523,0.0102843812196504,0.0267608180656618,0.0210572228703914,0.0318138140459112,0.0361722293275073,0.0245784968373188,0.0328665529131612,0.00506327327631851,0.0258344825925568,0.00181318681843624,0.00442610787029921,0.0126687172663855
0.028917358453829,0.0177137310653721,0.00874412875702991,0.0361667961424582,0.0172889347428895,0.0418566007078345,0.0488469681271351,0.0318934363669642,0.0347375530278819,0.0150619256155442,0.049049390305695,0.00136920252108051,0.0736642921674069,0.0425494570130606,0.017908848265773,0.00999596300128475,0.0268205797280695,0.0208908151761378,0.0316301810436832,0.0359357970535076,0.0249172331676866,0.0327721721034495,0.00523880204875117,0.0249915334099568,0.00155104358699113,0.00418365334725418,0.0121777822112101
0.0294216634896408,0.0184025798116505,0.00951384168565147,0.035217492187331,0.017525094756444,0.0413557399826707,0.048585373253602,0.0334074781311478,0.0368817911591088,0.0152266742613992,0.0578113766366101,0.00126884716096034,0.0780197575185199,0.0421053176731658,0.0178385439482077,0.00972936044029135,0.026842008603596,0.0207428279693299,0.031421348363311,0.0356618359779126,0.0252376090967266,0.0322822386929356,0.00566917922637937,0.0225699982713231,0.00129676817931958,0.00396740724050296,0.0116983410249279
0.0298796083808838,0.0190902005978151,0.010304595980798,0.0342670196128831,0.0177845829163819,0.0408642932055771,0.0483410673748283,0.0349438817669791,0.0390216438876783,0.0154675350463356,0.0662234980833642,0.00116099690710429,0.0824403762188797,0.041485611127446,0.0176967869656968,0.00947545079744587,0.0268295430617065,0.0206118584002629,0.0311927338634038,0.0353497647250378,0.0255357781962447,0.0314603958936994,0.00632414460328438,0.0190274574802904,0.0010676948196345,0.00377753142300493,0.0112377814819318
0.0302977975425931,0.0197728642247954,0.0111122140934199,0.0333186384477613,0.0180685557152506,0.0403840586593032,0.0481196244828574,0.0364991307098167,0.0411614606990118,0.0157503242886559,0.0742792794139996,0.00105103773134995,0.0868565807289681,0.0407114226006381,0.0174873227459857,0.00922638543623946,0.0267873884330584,0.0204952926940088,0.0309484944556049,0.0349997734025313,0.0258068854941354,0.0303843207108937,0.00712397203898427,0.0155786511023315,0.0008837583233048,0.00361228175527201,0.0107996958475799
0.0306849184130061,0.020447911345465,0.0119316450501573,0.0323760275591212,0.0183768021372246,0.0399154895923309,0.0479249318022731,0.0380697824350159,0.0433080584884426,0.0160429700622074,0.0819871544948121,0.000944317180781074,0.091218441329992,0.0398132364856298,0.0172161071387179,0.00898189887769562,0.0267193393121716,0.0203895375568266,0.0306915207109436,0.0346128988891217,0.0260456468892236,0.0291385191802658,0.0079682505222023,0.0147507407484227,0.000764617353534282,0.0034678456428352,0.0103841215335857
0.0310516472166928,0.0211135480238871,0.0127570916326623,0.0314431950091291,0.0187078919954692,0.0394577196776631,0.0477591782472665,0.0396531380974991,0.0454701145170948,0.0163178112138702,0.0893644205079799,0.000845654468691931,0.0954911592453097,0.0388266499545785,0.0168910478447413,0.00875517790625327,0.0266285892161035,0.0202902850804903,0.0304235881113919,0.0341910493232276,0.0262470524533077,0.0278072874695482,0.00876065487072254,0.0186710835252202,0.000720847825694021,0.00333865116402033,0.00998871277109959
0.0314104333939381,0.0217686109153611,0.0135822426965555,0.0305243344530846,0.0190594205227857,0.0390086791016545,0.0476229619626796,0.0412478210347693,0.0476573547670626,0.0165531619700636,0.0964330551987495,0.000758761739506163,0.0996511334119218,0.0377873448067917,0.0165216407132172,0.00857612881905384,0.0265175383676282,0.0201927965643717,0.0301456263655356,0.0337369835696594,0.02640703188978,0.0264687915933905,0.00942305486541632,0.0261869252293399,0.000744581150229651,0.00321821344152018,0.00961052829117355
0.0317751459448612,0.0224123375158779,0.0144005739591069,0.029623631592601,0.0194283700131209,0.0385652869661361,0.0475154834521846,0.0428541761393293,0.0498795854087987,0.016734065299432,0.103216596898385,0.0006857000557935,0.103682675601377,0.0367262529146673,0.0161185343541727,0.00848932515380627,0.0263876194751374,0.0200921885265447,0.02985804077639,0.0332542532827814,0.0265229313340059,0.0251913502914666,0.00990174970952528,0.0352508547166774,0.000813094235215626,0.00310040533689685,0.00924789431913289
0.0321605708218586,0.0230441751864809,0.0152056949045701,0.0287450358831545,0.0198116027817714,0.0381236947860245,0.0474347925264749,0.0444744447155504,0.0521456254652378,0.0168522516098361,0.109737790787449,0.000626561642405954,0.107575355041953,0.0356658030291402,0.0156930570216753,0.00854414937321434,0.0262391778301085,0.0199837050813759,0.029561007716484,0.0327471052886725,0.0265937304905284,0.0240329843478836,0.0101692705741064,0.0445310501536276,0.000902195047589795,0.00298091423779555,0.00890173099001075
0.0325817562600948,0.0236636507480941,0.0159917292817516,0.0278920217045751,0.020206469911954,0.0376795552409205,0.0473780626913911,0.0461127110784927,0.0544622170482744,0.0169053940760679,0.116016893966942,0.000579560421419559,0.111321931219249,0.0346178899014291,0.01525674666499,0.0087775285156667,0.0260714506172097,0.0198629572437535,0.0292546739941887,0.0322203351345211,0.0266200281778961,0.0230448332733335,0.0102235769525914,0.0531577869083914,0.000994365165264877,0.00285861194003617,0.00857592461496244
0.0330532227698405,0.0242703049474245,0.0167537023956358,0.0270673690564565,0.0206114813441807,0.0372282957393068,0.0473418725807995,0.0477746428734151,0.0568330092351023,0.0168958124905368,0.122070582763584,0.000541561544841642,0.114916840950427,0.033583820835022,0.0148209188219153,0.00919549516935103,0.0258826797978411,0.0197261070916515,0.0289392164736278,0.0316790866681192,0.0266038778806488,0.0222778653895169,0.0100854444089041,0.0604987825588169,0.00107940492591124,0.00273656535208565,0.00827674419002268
0.0335880923693043,0.0248636819885379,0.0174878780275043,0.0262729958160187,0.0210269526598725,0.0367653829745561,0.0473224797892364,0.0494670656596175,0.0592577245725709,0.0168288220483175,0.127911404144354,0.000508858336945613,0.118355208699628,0.0325560712360263,0.0143962747515064,0.00976347368192252,0.0256703686906437,0.0195699862268681,0.0286147577364393,0.0311285986375118,0.0265485502394602,0.0217904218435947,0.0097943868509986,0.0660881789359769,0.0011524856121045,0.00262236547841906,0.00801167165504094
0.0341972341835614,0.0254433559889811,0.0181919724585783,0.0255098689234393,0.0214555317525226,0.0362865696295284,0.0473160785586252,0.0511974262755079,0.0617316091004814,0.0167109501485445,0.133547698283078,0.000477899859954355,0.121632322604248,0.0315213402355289,0.0139925153896953,0.0104106226663711,0.0254316646427351,0.019392159575191,0.0282811736688499,0.0305739023814714,0.0264582730846457,0.0216521165854446,0.00940326467601729,0.069609565638005,0.0012122342398125,0.00252733331519572,0.0077880966931417
0.0348885416020283,0.0260089728088827,0.0188651990108629,0.0247780094821064,0.0219025151598917,0.0357881168445852,0.0473190380073824,0.052973200924473,0.0642452298072665,0.0165482595654061,0.138983899177995,0.000445766064933612,0.124743464902336,0.0304642218604682,0.0136179205421528,0.011044542609411,0.025163823554847,0.019190959939477,0.0279378566726513,0.0300194824767205,0.0263379796100168,0.0219388505586534,0.00897176410525556,0.070893039947404,0.00125931602713525,0.00246413572405828,0.00761215375172723
0.0356664321909538,0.0265602888462733,0.0195081559737655,0.0240765892783894,0.0223758834708344,0.0352669889123665,0.0473281190471987,0.0548012967339674,0.0667846421198378,0.0163450269411605,0.144221099866764,0.000410364934031672,0.127683940063238,0.0293708095528431,0.0132788832278251,0.0115688203816818,0.0248646893028339,0.0189655139618754,0.027583507115158,0.0294689274520624,0.0261930849749487,0.0227161117150156,0.00855919796408851,0.0699145611151831,0.00129540340834529,0.00244280979175667,0.00748775435281112
0.0365316104054015,0.0270971974684857,0.0201226204694705,0.0234040990198911,0.0228860120737368,0.0347210215379484,0.0473406654765392,0.0566874900481155,0.0693319321048342,0.016103016145082,0.149257760003096,0.000370441951982362,0.13044914787697,0.0282316914466102,0.0129794319268946,0.0118986534274873,0.0245331110755742,0.018715755417458,0.0272160173259505,0.0289246111744653,0.0260293105589968,0.0240140193104723,0.00821752993697084,0.0667949891876603,0.00132241124374672,0.00246639090883026,0.00741572993559479
0.0374810862703439,0.0276197413768676,0.0207113120562109,0.0227585584260489,0.0234450521849294,0.0341490666420772,0.0473547596110327,0.0586359427026091,0.0718661281440022,0.0158215158725115,0.154090440442051,0.000325512362924956,0.133034605199526,0.0270440082443906,0.0127208058832915,0.0119736110453257,0.0241692339840084,0.0184423939401234,0.0268324927857079,0.0283874534141818,0.0258525785753555,0.0258044403048824,0.00798600533684155,0.0617989909006649,0.00134195671107663,0.00252840245926581,0.00739302332463827
0.0385084160579857,0.0281281096352512,0.0212776530854501,0.0221377383197441,0.0240660317884986,0.033551109094552,0.0473693265703947,0.0606488363710722,0.0743644472111644,0.0154981559261085,0.158714470166478,0.000275797384022227,0.135435890863699,0.0258124727252063,0.012501163884094,0.0117682485670146,0.0237746283060987,0.0181468085822748,0.0264294289261676,0.0278568154960915,0.0256689920661452,0.027991613106007,0.00788883920853282,0.0553353195611712,0.00135505783812824,0.00261375309126003,0.00741208498141641
0.0396041166815738,0.0286226155874672,0.0218255246360929,0.0215393709358946,0.0247617783213735,0.0329283376891372,0.0473841689823519,0.0627261606819528,0.0768038005089387,0.0151303212165153,0.163124489339923,0.000222215689723581,0.137648538954168,0.0245494348008376,0.0123155053598605,0.0113012504737172,0.0233522530919982,0.0178308779036446,0.0260030330317514,0.0273305893648387,0.0254848856261039,0.0304208870375726,0.00793651946881597,0.0479619924424195,0.00136209127744699,0.00270233530612267,0.00746090813977156
0.0407561955484698,0.0291036531474625,0.0223590213386164,0.0209613305270979,0.0255437911203198,0.0322831466771739,0.0473999226027439,0.0648656791772775,0.0791624527558189,0.0147168411054492,0.167314864043167,0.000166472712437298,0.139667934018906,0.0232741832518516,0.0121558657692736,0.0106429262981162,0.0229062712023824,0.0174968066899594,0.025549653073264,0.0268055205365661,0.0253068894523536,0.0329013984552129,0.00812952352134618,0.0404023690267574,0.00136298832292286,0.00277327456288529,0.00752418905759292
0.0419507354630318,0.0295716338317365,0.0228822250563748,0.0204017709753437,0.026421196988449,0.0316190533182041,0.0474179425284409,0.0670630801755778,0.0814217065815087,0.0142596085704211,0.171280007410908,0.00011130014865363,0.14148927715265,0.0220117064816709,0.0120118219042886,0.00991871636336054,0.0224417502589123,0.0171470131258731,0.0250662515567525,0.0262777633406385,0.0251419167263165,0.0352346219794758,0.00846181506929882,0.0335695749279074,0.0013575909024387,0.0028083704734712,0.0075857660261651
0.0431724865580105,0.0300269127404628,0.0233990189284906,0.0198592138047307,0.0273999229155171,0.0309405361783419,0.0474401479111283,0.0693123007443877,0.0835674614986025,0.0137648694684331,0.175014647641114,6.08843604012346e-05,0.143107691576309,0.0207911144012596,0.0118713143138051,0.00930103035148741,0.0219643010343256,0.0167840894569985,0.0245508474583547,0.0257436122623762,0.0249969864089144,0.0372420648810718,0.00892176653002954,0.0285277120941223,0.00134605880045515,0.0027944776006112,0.00763189558072222
0.0444054395789167,0.0304697177528997,0.0239129493174692,0.0193325893264007,0.0284822057044952,0.030252817091451,0.0474688579762649,0.0716059911060598,0.085591481039347,0.0132440583020498,0.178514066954782,2.13062414050025e-05,0.14451851015331,0.0196438712279276,0.011721763808407,0.00897445506969024,0.021479713750019,0.016410791859128,0.0240028520115434,0.0252002943024615,0.0248788397260342,0.0387881365775226,0.00949017849025855,0.0261489089557783,0.0013292248151374,0.00272524719890236,0.00765436767262024
0.0456333716968229,0.0309001006220987,0.0244271310648593,0.0188212407299477,0.0296665052393899,0.0295616188793274,0.0475066433106337,0.0739360655523064,0.0874921989975019,0.0127141743397036,0.181774321195713,0,0.145717732495854,0.0186019222560622,0.0115514191647406,0.00906697138031945,0.0209936441622536,0.0160300072172068,0.0234232475765067,0.024646651571675,0.0247933777639178,0.0397960094231015,0.0101373252809073,0.0264150404320031,0.00130880898058184,0.00260279000625167,0.00765226340449863
0.0468403579284489,0.031317928380197,0.0249441907776028,0.0183249008111021,0.0309478003101543,0.0288729289583837,0.0475562057784343,0.0762942735657771,0.0892749141335915,0.0121977367790384,0.184792441514448,2.50977624694043e-06,0.146702572417013,0.0176957480959254,0.0113508191503443,0.00958329684427369,0.0205113769777755,0.0156446852269293,0.0228145938501695,0.0240835230835201,0.024745002597955,0.0402551265674528,0.0108217669090926,0.028288099341516,0.00128741117901274,0.00243974735686286,0.00763149629349893
0.0480112355695991,0.0317229262370801,0.0254662470192694,0.0178436457578084,0.0323181623055077,0.028192789716143,0.0476202961522904,0.078672733591661,0.090951281650135,0.0117223067631648,0.187566605894652,2.82735668146331e-05,0.147471971116177,0.016952382342391,0.0111141951869989,0.0104038631161461,0.0200376671383215,0.0152577613734202,0.0221808801009385,0.023513690804079,0.0247359716588915,0.0402197234419812,0.0114926479754096,0.0305114144867284,0.00126822584690452,0.00226194039371351,0.00760206851271262
0.0491320069236279,0.0321147688497459,0.025994924296031,0.0173778279461715,0.0337674662794525,0.0275271271874174,0.0477016758700804,0.0810644011471706,0.0925381270679139,0.0113194375960307,0.190096249928527,7.14574750255689e-05,0.148026956554295,0.0163934929548003,0.0108406008026575,0.0113486756594705,0.0195766427408878,0.0148720932901876,0.0215272683710659,0.022941376760026,0.0247658862609029,0.0397986850371912,0.0120953951463467,0.0322036396279424,0.00125448938185052,0.0021103968305939,0.00757392748739418
0.0501901673395383,0.0324932012553202,0.0265313881817018,0.0169279938310871,0.0352841251250417,0.0268816228829824,0.0478031221883617,0.0834634724387371,0.0940557553514033,0.0110227929546046,0.192382080961859,0.000125652590523364,0.148370784793385,0.0160337226327029,0.0105345382650149,0.0122432751221788,0.0191317489830862,0.0144904085250174,0.0208597849665274,0.022371395402353,0.0248314304577287,0.0391380679339764,0.0125794017205469,0.0329155553910642,0.00124877538227784,0.00203771664228916,0.00755305646923901
0.0511749490797012,0.0328581620281637,0.0270763802139265,0.0164947989487308,0.0368557913918939,0.026261625236908,0.0479274660139234,0.0858657340520557,0.0955260256957761,0.0108652018777159,0.194425978111928,0.000186510491443133,0.148508871266741,0.0158795508833103,0.010205865817752,0.0129524180819645,0.0187057143746117,0.0141152554263555,0.0201850123928011,0.0218081221994947,0.0249264407451471,0.0383983892943803,0.0129058925698809,0.0325282643676703,0.00125235518425776,0.00209065775925338,0.00753949807261149
0.0520774792655037,0.0332098810850865,0.0276302315007833,0.0160789350353246,0.0384700102902969,0.0256720842227873,0.048077641340349,0.0882688574240499,0.0969704568703359,0.0108747452037403,0.196230790151609,0.000251828307544448,0.148448566419249,0.0159289269922905,0.00986883457609303,0.0133886801141503,0.0183005242406713,0.0137489646925447,0.0195098156254905,0.0212544437274533,0.0250423225622371,0.037729425792262,0.013054401849765,0.0311750051281189,0.00126486939508367,0.00228396595389689,0.00752804298296579
0.0528908591090126,0.0335489315074171,0.0281928436482459,0.0156810851927935,0.0401148045350775,0.0251174819406466,0.0482567159675023,0.0906726165174435,0.0984085509689887,0.0110705674145425,0.197800060931107,0.000320829457825232,0.148198831596743,0.0161718094773323,0.00954024585480918,0.0135100927044622,0.0179173922756741,0.0133936359283574,0.0188411177774595,0.0207108479600123,0.0251687610847639,0.0372461316627296,0.0130267915955031,0.0292038441993419,0.0012844495077028,0.00259282580896131,0.0075108640011821
0.0536101757645802,0.0338762283407453,0.0287636394683267,0.0153019224063691,0.0417791598636651,0.0246017327383031,0.0484678732535208,0.0930789923044163,0.0998564449172313,0.0114596300534578,0.19913770917501,0.000393404933998967,0.147769843046257,0.0165915665917729,0.00923692121531489,0.0133141122446659,0.017556728045851,0.0130511449551692,0.018185730440955,0.0201748184469389,0.0252946258076788,0.0370102546776084,0.0128482911749893,0.0271586323606166,0.00130822901509913,0.00297175229236004,0.00748066037776589
0.0542324602162931,0.0341929827125505,0.0293414994525828,0.0149421622450754,0.0434533954122135,0.0241280400391126,0.0487143303477175,0.0954921268822015,0.101325950253721,0.0120355533541005,0.200247679604381,0.000469466285446217,0.147172532144979,0.0171670155914609,0.00897289067500136,0.0128304166828359,0.0172181049483327,0.0127231423306699,0.0175502394154456,0.0196406992413707,0.0254089507873087,0.0370222563953546,0.0125654973011723,0.0257243645596616,0.00133303015428768,0.00337493784588989,0.00743324901287012
0.0547566089786047,0.0345006292040158,0.0299247099593142,0.0146026717942128,0.0451294318622644,0.0236987185948916,0.0489991996261147,0.0979181031672753,0.102824007699888,0.01277989428127,0.201133583282565,0.000548464098253876,0.146418088361518,0.0178747661073233,0.00875687269489432,0.012113283707752,0.0169002381669885,0.0124110072646316,0.0169409357856227,0.0191001653479379,0.0255018846927438,0.0372260643998226,0.0122415176540137,0.0255437143934299,0.00135599824583277,0.00376468055153257,0.00736915069393685
0.0551832904684974,0.0348007458466567,0.0305109518507673,0.0142846256316929,0.0468009815249686,0.0233150130511411,0.0493253126597434,0.100364546518708,0.104352549074025,0.013665216026987,0.201798356867149,0.000629137419096024,0.145517495818022,0.0186915025393256,0.00859066257029472,0.0112337833507877,0.0166009853358626,0.0121157416609337,0.0163637632102481,0.01854334100391,0.0255655393901587,0.0375253159473442,0.011948525045025,0.0269061983652526,0.00137504330554507,0.00411243923351334,0.0072939245025441
0.0555148547186909,0.0350949814979012,0.0310973512714031,0.0139896888539267,0.0484636808137377,0.0229769551447071,0.0496950293034953,0.10284006719064,0.105908730575179,0.0146588183709634,0.202243976451489,0.00070954404722218,0.144481193404795,0.0195958817321784,0.00846887401982362,0.0102717701802472,0.0163173833361581,0.0118378249088213,0.0158242372208475,0.0179604608421178,0.0255947044685301,0.0378061698472172,0.0117582304015975,0.0295889945828037,0.00138904789465467,0.00439789770234056,0.00721710302007997
0.0557552578254295,0.0353849985449482,0.0316805989406662,0.0137202014574676,0.0501151804937099,0.022683295457123,0.0501100561383815,0.105353585676957,0.107485481795358,0.0157261914420819,0.202471250584716,0.000787379533069015,0.143318906077894,0.0205698110516842,0.00838009503517804,0.00930747605915523,0.0160457322209801,0.011577079025952,0.0153272958149008,0.0173438010613062,0.0255874110605741,0.0379604374191346,0.0117315708256934,0.0330466304520938,0.00139786423975462,0.00460796773194103,0.00715010199250786
0.0559100017039256,0.0356724335553267,0.0322571299910179,0.0134793396358477,0.0517551938966862,0.0224315293682825,0.0505713013342812,0.107913602514892,0.109072295584139,0.0168337662887116,0.202479695394506,0.000860553884933588,0.142039616584103,0.021598971043949,0.00830908632370213,0.00841252267452651,0.015781732836396,0.0113325985078517,0.0148770649174342,0.0166894715938791,0.02554530612396,0.0379039295515374,0.0119100915626361,0.0366979626626836,0.00140215644808662,0.00473600992475736,0.00710421883364316
0.0559860797140175,0.0359588743982739,0.0328233527728391,0.0132712325149961,0.0533854752646756,0.0222180227692731,0.0510787913989846,0.110527481148568,0.110656163339533,0.0179509653948746,0.202267477750892,0.000927971928334353,0.140651595916222,0.0226725403957668,0.00823938827924924,0.00764077115366587,0.0155206819162815,0.0111027811595376,0.0144765557006847,0.0159986297970108,0.0254737576104429,0.0375873678832211,0.0123118200950752,0.0400709363049191,0.00140315894183364,0.00478115384122078,0.00708989479127414
0.0559919140562187,0.0362458484254363,0.0333759165007736,0.0131010133929454,0.0550096876603181,0.0220382328537258,0.0516316659246278,0.11320080243431,0.112222547874389,0.0190517455256305,0.201831410296973,0.000990440295929507,0.139162419476705,0.0237822033793895,0.00815571192604696,0.00702086370395571,0.0152577277089275,0.0108854701491569,0.0141273379864125,0.015277811613725,0.0253815946598795,0.036999616427369,0.0129326070554409,0.0428266605256499,0.00140242211844635,0.00474758212829359,0.00711733172764481
0.0559372694179308,0.0365348145511796,0.0339119998589802,0.0129747870055342,0.0566331421942056,0.0218870103326428,0.0522282567606856,0.115936829256934,0.113756290929696,0.0201157986167716,0.201166995321367,0.00105156422196714,0.137578936529341,0.024920691509029,0.00804570440520129,0.00655376900500788,0.0149881831349727,0.010678195767987,0.0138292468733615,0.0145383284158323,0.0252804192654966,0.0361645446294203,0.0137509512058666,0.0447424249166642,0.00140159957774815,0.00464369536379467,0.00719715617973815
0.0558331262160111,0.0368271524615483,0.0344295880491231,0.0128995027886177,0.0582624277405375,0.0217589615414649,0.052866252430116,0.118736101776203,0.115242380392178,0.0211294423279316,0.200268534070512,0.00111836038018328,0.135907190513201,0.0260802606887071,0.00790095191021312,0.00621794421070641,0.0147078755021732,0.0104784894933449,0.0135801783313394,0.0137948882726719,0.025183493902839,0.035133450526039,0.0147330417892194,0.0456906860645806,0.00140230474990685,0.00448112713818714,0.007339454708167
0.0556915002678268,0.0371241419052221,0.0349276994041088,0.0128827341083785,0.0599049742584499,0.0216488411600251,0.0535429391882565,0.121596175927714,0.116666548041427,0.022086124590029,0.199129329484371,0.00120111613968307,0.134152298562241,0.0272515283391228,0.0077172882688119,0.00598095579772864,0.0144134895721952,0.0102842284909459,0.0133760161482964,0.0130636792055038,0.025104286525949,0.0339750249648642,0.0158361523094273,0.0456229124768399,0.00140603803279037,0.00427362282989437,0.00755054736918276
0.0555252065490342,0.0374269257885845,0.0354065279720924,0.0129323703618169,0.061568596538655,0.0215519407014502,0.0542554936176777,0.124511520215023,0.118015711203529,0.0229864527087064,0.197742002572822,0.00131197872411995,0.132318310281163,0.028422963567881,0.00749457120610064,0.00581259501679596,0.0141028528723222,0.0100939551338997,0.013210710742279,0.0123601824541064,0.0250548233361791,0.0327646817108171,0.0170107453748125,0.0445586165777449,0.00141416370059219,0.00403582724720643,0.00782851558927213
0.0553475760198633,0.0377364564997007,0.035867478340942,0.0130562367871582,0.0632610543604862,0.0214644421358007,0.0550012870976026,0.127473587204474,0.119278293388937,0.0238376886585416,0.196098919983473,0.00146225003551131,0.130408095370305,0.0295810900210977,0.00723610089274887,0.00569436794423508,0.0137751267108047,0.009907109385967,0.0130765069495349,0.0116970667631299,0.025044053511513,0.0315748520540121,0.0182026725330269,0.042578423366378,0.00142790385765509,0.00378204794390477,0.00815965557712552
0.0551721397268909,0.0380534338785342,0.0363130811397429,0.013261671622745,0.0649896486858099,0.0213837202243547,0.0557781582830216,0.130471062869501,0.120444461188793,0.0246526695204838,0.194192710302441,0.00165938575756311,0.128423346868582,0.0307112173759126,0.00694784277098337,0.00562308855878668,0.013430888456105,0.00972411863496083,0.0129643004427915,0.0110825973277248,0.0250764600796378,0.0304675111067355,0.0193564276715043,0.03982002171737,0.00144832091079133,0.00352508150546633,0.00851795279641122
0.0550122944232084,0.0383782505002679,0.0367467921219131,0.0135551086296961,0.066760864351133,0.02130858741706,0.0565846185428472,0.133490276477703,0.121506306843133,0.0254481525439223,0.19201684117207,0.00190523749540223,0.126364794747893,0.0317983753758223,0.00663760714309489,0.00560898520185188,0.0130720996945409,0.00954631390323893,0.0128640916187262,0.0105199414818814,0.0251511456122955,0.0294896731385905,0.0204194346749918,0.0364758525639452,0.00147627841321746,0.00327521484457376,0.00886835508195424
0.0548809612189169,0.0387109614825636,0.0371726916804863,0.0139417239921446,0.0685800728060231,0.0212394713006911,0.0574199746609199,0.136515744263243,0.122457990418809,0.0262427071490136,0.189566230019303,0.00219625346272958,0.124232681583361,0.0328281522561558,0.00631432052745332,0.00566992688860966,0.0127019511357146,0.00937568082372709,0.0127654947792968,0.0100075319240999,0.0252615736592279,0.0286718713612761,0.0213466095078882,0.03279137138643,0.00151238970926265,0.00303953334608311,0.0091729144530278
0.0547902453503352,0.039051289380433,0.0375951151089417,0.014425201774508,0.0704513142634015,0.0211785060884457,0.0582843716192851,0.139530818163168,0.123295831061601,0.0270544393454821,0.186837853328126,0.00252505450041258,0.122027488681961,0.0337872912094857,0.00598747953725494,0.00582383429416703,0.012324577792808,0.00921449329555904,0.0126582468318414,0.00954035147786465,0.0253960601030026,0.0280289131804614,0.022104208034267,0.0290627053291036,0.00155697240737046,0.00282165916615819,0.00939783658800505
0.0547511054942537,0.0393986621881105,0.0380182593625936,0.0150076516222237,0.0723771758922916,0.0211295208594624,0.0591787639197655,0.142518403399308,0.124018312751527,0.027898925596391,0.183831307975964,0.00288239552706233,0.119750868133148,0.0346640545875445,0.0056668056384796,0.00608172055483346,0.0119446588117087,0.00906489933894387,0.0125326577231306,0.00911175219107122,0.0255389901645243,0.0275617612128057,0.0226721913578534,0.025630682383099,0.00161002402441383,0.00262198240638261,0.0095195036767634
0.0547730457887455,0.0397522723034637,0.038445825628276,0.0156896834241394,0.0743587703426574,0.021097916095838,0.0601048200606927,0.145461703416292,0.124625966891263,0.0287876934882841,0.180549284767354,0.00325893325794182,0.117406748652047,0.0354484434269976,0.00536203490140488,0.00644367088316478,0.0115669454824837,0.00892852877377059,0.0123799717630871,0.0087152960248029,0.0256725966115456,0.0272594343252532,0.0230447865964547,0.0228596910259751,0.00167122824091322,0.00243833526917871,0.00952822864804565
0.0548638477458751,0.0401111427870095,0.0388807589737249,0.0164706156559936,0.0763958047861505,0.0210904261685109,0.0610647655954307,0.148344959125305,0.12512112181296,0.0297274429068842,0.176997945579406,0.00364665852060017,0.115002608294006,0.0361323731507251,0.00508270898484828,0.00689877531945991,0.0111957796766753,0.00880617934955362,0.0121926569127293,0.00834613888815711,0.0257790016024275,0.0271003212913078,0.0232293368593881,0.0210753798578555,0.00173999516551758,0.00226693653614113,0.00942926405060473
0.0550293620121415,0.0404741929223926,0.039325130486524,0.0173487745679816,0.0784867245832165,0.0211147695877862,0.062061179361637,0.151154157199501,0.125507553222658,0.0307200153892293,0.173187230178894,0.00403999960163117,0.112550888968081,0.0367099200822294,0.00483781413300853,0.00742813006334899,0.0108346647686202,0.00869761921191086,0.0119646769108173,0.00800165418769515,0.0258421517527722,0.0270529846433557,0.0232437877261458,0.0204484496859523,0.00181552784100858,0.00210336843255718,0.00924114633101161
0.055273382983635,0.0408403038366112,0.0397801758181666,0.0183218334157213,0.0806289199249487,0.0211791989803998,0.0630967662454035,0.153877665878346,0.12579010655342,0.0317629520291662,0.16913113216303,0.0044365694334325,0.110070437927334,0.0371777756889396,0.00463516728077825,0.00800893514373266,0.0104859376101118,0.00860152378096737,0.0116918071355041,0.00768123254695275,0.0258493035044529,0.0270770485857498,0.0231132767922939,0.0208964350868452,0.00189689159651963,0.00194338173112636,0.00899188319960848
0.0555976260960764,0.0412083935164434,0.0402464674714766,0.0193871436061128,0.0828189899303274,0.0212919789769297,0.0641741348082744,0.156506721515802,0.12597438012162,0.0328503824905584,0.16484797401986,0.00483746558603382,0.107587742858435,0.0375359983455836,0.00448057165739274,0.00861799927739064,0.0101505737630681,0.00851554760815886,0.0113720306799761,0.00738541640009601,0.0257918253609092,0.0271248689161678,0.0228663492058723,0.0221197688317821,0.00198305531522201,0.00178343579157052,0.00871389870126089
0.0560018149578257,0.0415775129227508,0.0407241708969501,0.0205420196029218,0.0850530594318197,0.0214608367026397,0.0652956113662708,0.159035670163773,0.126066551907519,0.0339739819713665,0.160360695887174,0.00524701909238433,0.105137654919767,0.037788990439049,0.00437691727594449,0.00923390951698427,0.0098281448204293,0.00843651635180261,0.0110060061161211,0.00711468210644104,0.0256652240519292,0.0271443693165988,0.0225313331220735,0.0237441891596167,0.00207288161454573,0.00162100333015307,0.00843892446762831
0.056483872804404,0.0419469652553558,0.0412133253392494,0.0217839530264301,0.0873271378082817,0.0216924429404166,0.0664631161537873,0.161461892540179,0.126073401573085,0.0351238044389111,0.155697163917229,0.00567195647799057,0.102763300857556,0.037946433709285,0.00432350731662757,0.00983789122559621,0.00951693409442143,0.00836071132072159,0.0105975430806763,0.00686825702905194,0.0254684591110231,0.0270829172060049,0.0221333474374875,0.0254344338604163,0.00216505825625022,0.00145475167870492,0.0081939327219621
0.0570402058114959,0.0423164329111152,0.0417140994060724,0.0231107456586363,0.0896374923792832,0.0219919884337774,0.0676781052572364,0.163785398113523,0.126002534189946,0.0362889055732414,0.150890500966847,0.00612007990946683,0.100514953558278,0.0380238135194487,0.00431588166643119,0.0104137220312674,0.00921420008274425,0.00828421435085451,0.010153974389788,0.00664335106801147,0.0252027938126143,0.0268916963314822,0.0216922608170476,0.0269322166363934,0.0022579805817789,0.00128474485620846,0.00799870275982782
0.0576660594912015,0.0426860837849372,0.0422269930522233,0.024520563364161,0.0919809833743015,0.0223629137482876,0.0689415592760581,0.166008135303107,0.125862768891672,0.0374577615549353,0.145979441195867,0.00659872688287975,0.098447733363764,0.0380421883804249,0.00434627582626479,0.0109471147032682,0.00891655589546208,0.00820328387631207,0.00968630027890461,0.00643507641453281,0.0248705901237028,0.0265298861531065,0.02122170382122,0.0280541733389749,0.00234962086289289,0.00111282611186725,0.0078649654503693
0.0583559222680929,0.0430566294717369,0.0427529806994968,0.026011921459429,0.0943552962924349,0.0228068322735158,0.0702539975191584,0.168133111543627,0.125664621221907,0.0386185504630226,0.141008715553059,0.00711335712029408,0.0966181450002692,0.0380269777086073,0.00440465337707336,0.0114249287337545,0.00862041244411532,0.00811473218859347,0.00920901309397753,0.00623712920428784,0.0244744894290982,0.0259680585581663,0.0207290404817942,0.0286831553680287,0.00243745126748051,0.000943381543679531,0.00779665680368245
0.0591039473615022,0.0434293230274545,0.0432936021553638,0.027583617404819,0.0967590291207144,0.0233236594730827,0.0716155142042125,0.170163445069479,0.125420786856396,0.0397593874012158,0.136029487921401,0.00766657223191893,0.0950796370756188,0.0380057376508886,0.00448006973204459,0.0118344981897637,0.00832242031186792,0.00801626136889064,0.00873956357947996,0.00604307087666226,0.0240172785346135,0.0251904198221789,0.0202161213455472,0.028763465607549,0.00251849922074139,0.000784746777381533,0.0077908293844873
0.0599043657262559,0.043805905252421,0.0438510074878475,0.0292346298391792,0.0991916341081231,0.0239119323482674,0.0730258540129467,0.172101475686877,0.12514653491288,0.0408685843630677,0.131099865497919,0.00825772063222284,0.0938776138540609,0.0380051671307196,0.00456204385822799,0.0121632796026428,0.00801984721480536,0.00790670218905934,0.00829746097569088,0.00584786657464314,0.0235024772471995,0.0241957536018429,0.019680659012558,0.0282994712217284,0.00258959025623454,0.000651315186123509,0.00783907716161914
0.0607518654851584,0.0441885220275817,0.0444279558549837,0.0309640028071219,0.101653252004081,0.0245692759845546,0.074484554616519,0.173948040229366,0.124859939878809,0.0419349552082377,0.126285476825963,0.00888305479151739,0.0930445843610019,0.0380478501023839,0.0046416639931266,0.0123989015577383,0.00771084723675278,0.00778610441072056,0.00790300057274444,0.00564927864360613,0.0229354218159176,0.02299712005243,0.0191180838013023,0.0273550822439108,0.00264778492051367,0.000564640344886196,0.00792953918343901
0.0616419158981021,0.0445796326556158,0.0450277596228498,0.0327707300426887,0.104144499922708,0.0252929559987796,0.0759911775723292,0.175701976269855,0.124581901179768,0.0429481455550428,0.121660031367219,0.00953627148694586,0.0925962918001921,0.0381493594480327,0.00471228664033101,0.0125295607781308,0.00739460489603972,0.00765565150219861,0.00757562531052862,0.00544878805608462,0.0223244651614835,0.0216205172102935,0.0185236785746161,0.0260517784187894,0.00269096953665249,0.000547173623531667,0.00804942299702011
0.0625710161603234,0.0449819193441014,0.0456541567973566,0.0346536490434037,0.106666282480826,0.0260804521202864,0.0775456317229922,0.177359872228585,0.124335898181625,0.0438989551499185,0.117305652734299,0.0102092152890565,0.0925296225167386,0.0383162642820374,0.00476981834263512,0.0125446503404394,0.00707135874298456,0.00751740421543392,0.00733200713782078,0.00525188851220074,0.0216818918150496,0.0201027885059866,0.017894684639555,0.0245613829512694,0.00271853062739735,0.000605581925235256,0.00818769972224825
0.0635368518299131,0.0453982070785673,0.0463110947952991,0.0366113511253948,0.109219688168693,0.0269299955957685,0.0791485765610883,0.178916049720905,0.124147419268975,0.0447796196225181,0.113312650346048,0.010892550217385,0.0928228320444283,0.0385453769408316,0.00481264454499104,0.0124355674419056,0.00674232345953951,0.00737390338578786,0.00718409383346381,0.00506779182418382,0.021024198527825,0.0184890636587661,0.0172319854699934,0.0230864097497871,0.00273201982810856,0.000723801451204355,0.00833745221749378
0.0645383479928054,0.0458314136329713,0.047002421431167,0.0386421115741951,0.1118060076032,0.0278410216335271,0.0808018807411989,0.180362751255727,0.124043025891757,0.0455840144332923,0.109778313298783,0.011576272837628,0.0934382306916889,0.0388243764930945,0.00484129767243489,0.0121967481254368,0.0064095396854882,0.0072276827492919,0.00713753719395359,0.00490871724714671,0.020371480651713,0.0168299750145088,0.0165409912279347,0.0218193216892019,0.00273567806114183,0.000877165295518011,0.00849736738268761
0.0655756181136489,0.0462845579892506,0.0477315006620297,0.0407438423282146,0.114426877259392,0.0288144933542494,0.0825090998190027,0.18169050680496,0.124049083217019,0.0463077372971842,0.106804318371827,0.0122500238907193,0.0943270633923593,0.0391337909888312,0.00485796736279199,0.0118270153315999,0.00607568423728846,0.00708076010261011,0.00719095319860391,0.00478896707666641,0.019745803303269,0.0151788203235376,0.0158315255017754,0.0208808922949638,0.00273662675334291,0.00104497244847469,0.00867203059980313
0.0666498143547697,0.046760846495587,0.0485007945598755,0.0429140685096122,0.117084527055886,0.0298530607590149,0.0842759280343009,0.182888651924515,0.124190285221795,0.0469480273779668,0.104492479957461,0.0129032318341343,0.0954359960394706,0.0394501516109061,0.00486595705982376,0.0113312928447867,0.0057438662458374,0.00693418302741561,0.00733625870493844,0.00472392292095756,0.0191686326068814,0.0135887706922598,0.0151168113629847,0.020261482357361,0.00274447476217173,0.0012125270094993,0.00887099731117439
0.0677628882480618,0.0472638255708126,0.0493114735047271,0.0451499296991446,0.119782095877325,0.0309610317839675,0.0861105745267135,0.1839459592682,0.124488189894794,0.0475035180249979,0.102938878166069,0.0135251674923467,0.0967144353787031,0.0397499041807973,0.00486916739889435,0.010722663526906,0.00541742239259243,0.00678769363640937,0.00755995865800377,0.00472897523769686,0.0186576233755586,0.0121101934076608,0.0144119188345869,0.0198059500397539,0.00277010241346503,0.00136941609365533,0.00910690360750659
0.0689172780810225,0.0477975526602724,0.0501631266402656,0.0474482055735432,0.122523969569189,0.0321441503870145,0.0880240130914269,0.184851330731471,0.124960028907615,0.0479739191664628,0.102226888472234,0.014104992256645,0.0981218463040053,0.0400134290049716,0.00487163343079021,0.0100246442766432,0.0050997171453466,0.00663954603347552,0.00784495640738187,0.00481829582197962,0.0182232770003577,0.0107881942721944,0.0137321660001776,0.0192588528153545,0.00282358606988891,0.00150790923152687,0.00939289843013665
0.0701155521783454,0.0483667169895139,0.0510536363446696,0.0498053622833808,0.125316092092257,0.0334091942458556,0.0900300538853674,0.185594493605012,0.125618031721621,0.0483598418232265,0.102420192806284,0.0146318558085496,0.0996342302590208,0.0402283880547868,0.00487708795517725,0.00927335851803873,0.00479395565483666,0.00648647568062641,0.00817240696309838,0.00500336797657477,0.0178661825560627,0.00966052741621219,0.0130919596317735,0.0183405907032406,0.00291168036472746,0.00162201391037852,0.00973952944912076
0.0713600445296922,0.0489766471233388,0.0519792527280078,0.0522176127068655,0.128166209782391,0.0347634207405866,0.0921451890596636,0.18616665933638,0.12646939360485,0.0486630028355543,0.103557230119547,0.0150950699396857,0.101248979207159,0.0403916681899911,0.00488850846603242,0.00851884580992675,0.00450302293499323,0.00632380288010767,0.00852329943852918,0.00529134729036283,0.0175756570963123,0.00875600036220982,0.0125044171551213,0.0168139260431191,0.00303576030736776,0.00170697302398173,0.0101512562467118
0.0726525147860606,0.0496331646165447,0.0529348686889432,0.054680982580702,0.131084033032445,0.0362139056450309,0.0943881776120402,0.186561130779367,0.127516855747076,0.0488869284573905,0.105648458024878,0.0154843678328935,0.102987462312597,0.0405094229154581,0.00490764323639692,0.00782383382233055,0.00422936686487927,0.00614566262276357,0.00887967477474771,0.00568356173549519,0.0173304476861789,0.00809341846174059,0.0119817976167306,0.0145256596140697,0.00319115039580514,0.00175901085985817,0.0106231394824709
0.0739938552770509,0.0503422744778651,0.0539144678040781,0.0571913749174607,0.134081330203601,0.0377668343637319,0.0967793584101408,0.186773864493524,0.128759715469123,0.0490380733990326,0.10867714375119,0.0157902507071623,0.10489492729039,0.0405950649697988,0.0049345748336295,0.00725705971784445,0.00397494318084469,0.00594537482648299,0.00922552498325024,0.00617459058808211,0.0171016674957344,0.00768099419282685,0.0115363342828758,0.0114339102633392,0.00336813344435544,0.00177522350968086,0.0111386659860881
0.0753838622146758,0.051109722819194,0.0549116987104114,0.0597446267390453,0.13717198888022,0.039426816484393,0.099339711153301,0.186803995334729,0.130194992847743,0.0491270825422694,0.112603429062997,0.0160044189346819,0.107037540831312,0.0406654428450065,0.00496742846036017,0.00687827668072301,0.00374123854565522,0.00571597472575853,0.00954745365593602,0.00675224905078949,0.0168574699370516,0.00751601374254954,0.0111806955421014,0.00765930872191765,0.00355413907621028,0.00175355794560356,0.0116696999084731
0.0768210871050804,0.0519404937170101,0.0559205146142574,0.0623365559043109,0.140372074277273,0.0411962938971025,0.102089716433048,0.186654314714587,0.131818464808528,0.049169796257852,0.117370583741611,0.0161202773814637,0.10949664870238,0.0407357969280992,0.00500234293856062,0.00671679799940478,0.00352937954626461,0.00545090090553776,0.00983514755522375,0.0073985050536531,0.0165684211586135,0.00758450668989126,0.0109272526113777,0.00378112662484988,0.00373629005626786,0.00169284370931917,0.01217908939807
0.0783027812946567,0.0528383450069927,0.0569358066756205,0.0649629998623226,0.143699877770355,0.0430750995890356,0.10504809165502,0.186331672235743,0.133625332478895,0.0491875796888519,0.122912008172891,0.0161334904475353,0.11236067619416,0.0408144032847056,0.00503378221652038,0.00675458096263059,0.00334031728411431,0.00514480159424271,0.0100816691887116,0.00809107233535546,0.016212330171098,0.00786084810073747,0.010785763778718,0.00274464201239872,0.00390366917514999,0.00159285272197209,0.0126257453098698
0.0798249381620729,0.0538054819404409,0.057953962712976,0.0676198480432555,0.14717589310241,0.045060207370082,0.108230500385615,0.185847249755973,0.135610390663442,0.0492066990682901,0.129157683294549,0.0160425407362543,0.115715537596735,0.0408979986998001,0.00505518583174326,0.00692724673291074,0.00317505274799775,0.00479438901446713,0.0102835605988299,0.00880531534245242,0.0157774867250762,0.00830759087947429,0.0107599119985054,0.00670331387989151,0.00404898063477057,0.00145437597261494,0.0129713079832052
0.081382427956212,0.0548424380539598,0.0589732969392173,0.070303064052372,0.150822611562727,0.0471457009064967,0.111648349526821,0.185216645410332,0.137767693180458,0.049256752368672,0.136039205416836,0.015849221872057,0.119634869115557,0.0409690200120278,0.00505987263744455,0.0071436050691407,0.00303484726284473,0.00439925377072331,0.0104407529657001,0.00951615355087365,0.0152637566340433,0.00887609207882761,0.010843952279989,0.0119940702432997,0.00416946575549015,0.00127932042248168,0.0131869589569106
0.0829692142871255,0.0559481871778614,0.0599943130856146,0.0730086873139183,0.154664011503549,0.0493229816245195,0.115307794893351,0.184459712021507,0.140089831069271,0.049368425075914,0.143493061429475,0.0155589796455643,0.124171629648482,0.0409953329638267,0.0050420495440173,0.00731106329887394,0.00292135329840985,0.00396253978136103,0.0105562959964257,0.0101997536598937,0.01468159905786,0.00950841001101678,0.0110209789216935,0.017280084969718,0.00426700417426094,0.0010708431191564,0.0132587146007164
0.0845786368149386,0.0571204618966674,0.0610197781122388,0.0757328023666839,0.158724638012908,0.051581220408579,0.119209066876627,0.18360011631649,0.142567041028686,0.0495708995226444,0.151462224419976,0.0151810177852146,0.129352442083422,0.040932589944751,0.00499773839925675,0.00735624946395313,0.00283660726726762,0.00349137468617709,0.0106359440869347,0.0108348669423042,0.0140495703780829,0.0101405626660777,0.0112637289897929,0.0220566109569749,0.00434738997143173,0.000833569541619603,0.0131899040710938
0.086203737435978,0.0583562100273635,0.0620546012612793,0.0784714703425132,0.163028221553719,0.0539080335780886,0.123346203405244,0.182664608859254,0.14518641567148,0.0498890776438904,0.159896400046217,0.0147281132043667,0.135175461299362,0.0407288479153729,0.00492542713140058,0.00723924463509729,0.00278284830887259,0.00299696691724994,0.0106876508880024,0.0114037011043535,0.0133911368765035,0.010706837887886,0.0115377638670897,0.0259713437278046,0.00441886687514669,0.000574096849736051,0.0130003582404863
0.0878375986948816,0.0596520940707768,0.0631055364882578,0.0812206288060945,0.167595856472917,0.0562903381135319,0.127707237384412,0.181682014037904,0.147931477195458,0.0503405810537117,0.168751347361161,0.0142161354177009,0.14161175450071,0.040330709905153,0.00482629913998182,0.00696433899470185,0.00276216474931368,0.0024943268514585,0.0107210210012866,0.0118922475541557,0.0127316391435002,0.0111446604775684,0.0118060708948117,0.028752255833978,0.00449013106407278,0.000302962340226695,0.0127226658410094
0.0894736598315906,0.0610049402931384,0.0641807483088007,0.0839759767545323,0.172443838029933,0.0587153268804052,0.13227484239407,0.180681968091848,0.150782303684422,0.0509325374187013,0.177987694937922,0.013663318294418,0.148609472704721,0.0396900243086264,0.00470399931144068,0.00658924218362798,0.00277601799012046,0.00200161190819171,0.0107467476902169,0.0122900484266419,0.0120960773646018,0.0113995458647702,0.012033997986325,0.0302142527236708,0.00456815288654341,4.93528153193197e-05,0.0123964401900617
0.0911059818582839,0.0624120683414611,0.0652892908622094,0.0867328649370468,0.177581336492414,0.0611714983200491,0.137027411700379,0.17969345221905,0.153716284769762,0.0516585444342688,0.187569616987739,0.013089370207721,0.156099718283875,0.0387700975654983,0.00456401615241448,0.00622974246985093,0.00282473868619552,0.00153906387261486,0.0107760398680462,0.0125894862768912,0.0115080476616325,0.011429747192657,0.0121937214823406,0.030280464299345,0.00465629917871589,0,0.0120618701047456
0.0927294457997379,0.0638714633143399,0.0664405458391564,0.0894862062857809,0.183008160915964,0.0636496613882059,0.141940527972721,0.178743188273118,0.156709458136268,0.0524967142730535,0.197463641168027,0.0125145199895312,0.16400301673009,0.0375505223255341,0.0044128516030086,0.00604684495260472,0.00290711382591653,0.00112734152540663,0.0108200251688245,0.0127847843217538,0.0109897158830017,0.0112102226718181,0.0122676944830334,0.0290064567815806,0.00475325434218991,0.000224675416646888,0.0117538303935386
0.094339880962208,0.0653817820981098,0.0676436553256491,0.0922304116616752,0.188712909437752,0.0661438156168976,0.146988751422081,0.177853991284966,0.159738263932215,0.0534099384166418,0.207637748580149,0.0119585817233509,0.172235547136443,0.0360301203836523,0.00425719575566488,0.00619605455702402,0.00302017337728309,0.000784798379339756,0.0108891191742341,0.0128709810713508,0.0105622852131551,0.0107355452396086,0.012250554095689,0.0266059962379137,0.00485303875935361,0.000478170778314283,0.0114975032657804
0.0959341284874313,0.0669422130893825,0.0689069777414834,0.0949593488023646,0.194671794384323,0.0686517989575711,0.152147601996728,0.177043207096981,0.162781471499737,0.0543491811271484,0.218060829246123,0.0114400922804984,0.180714599697356,0.0342280063439192,0.00410331993946813,0.00674710383036036,0.00315924356632839,0.000523318104333486,0.0109923739633836,0.0128431826366595,0.0102461459426236,0.0100214398268896,0.0121489477531587,0.023482205907477,0.00494606136099603,0.000713300170237209,0.0113060274495295
0.0975100516325645,0.0685522310462059,0.0702375908956993,0.0976663199426257,0.20084837204369,0.0711756176945535,0.157395557395864,0.1763213951662,0.16582199778175,0.0552597832414407,0.228702494491796,0.0109755474494375,0.189363002106387,0.0321831538693777,0.00395683813092611,0.00764187111605499,0.00331827588688933,0.000343606743190684,0.0111368511559602,0.0126964211188998,0.0100599289537507,0.00910477422278342,0.0119789525118064,0.0202654409425193,0.00502082772787105,0.000916245264810568,0.0111803179450092
0.0990665104316132,0.0702113033649635,0.0716408666266933,0.100344053529325,0.207194326176972,0.0737214159649218,0.162715868997004,0.175691429223944,0.16884835626145,0.0560898165092488,0.239533212863313,0.0105787482023844,0.198112453293644,0.0299529395364356,0.00382285931984326,0.00873268798817398,0.00349040626361421,0.000233221844038465,0.0113270889948198,0.01242647491266,0.0100180909216074,0.00804193182612208,0.0117613425346519,0.0178102428846643,0.00506582206870007,0.00107934869551179,0.011110862097918
0.100603320939556,0.0719186009957964,0.0731201441720757,0.102984704789438,0.213651368602668,0.0762990872418534,0.168098026673388,0.175148166003649,0.171855546699665,0.0567988485384771,0.250524711205778,0.0102602712054641,0.206905825598129,0.0276109640523208,0.00370638921666578,0.00984909932809599,0.00366866166131108,0.000170468171004402,0.0115647357861981,0.0120320270552791,0.010127350843447,0.00690542085766145,0.0115157585228227,0.0169507366544832,0.0050711769598352,0.00119925331254597,0.0110809645542798
0.102121214393314,0.0736727398845189,0.0746765270129243,0.105579859090354,0.220154219254608,0.0789215612080184,0.173538755070465,0.174678768338235,0.174845301839118,0.0573652508527056,0.261650566533881,0.01002709053046,0.215698569592404,0.0252441133739909,0.00361269674385971,0.0108394725543152,0.00384671683966078,0.000132373517222776,0.0118484007289274,0.0115185401052578,0.0103829848770924,0.00577831101819562,0.0112554649785009,0.0179033791358438,0.00502991040867791,0.00127785106291898,0.0110706694956122
0.103621802062565,0.0754715485765561,0.0763088163095387,0.108120532940069,0.226634512417955,0.0816038161160147,0.179042458572706,0.174263676981565,0.177825713948282,0.0577904651016262,0.272886911649621,0.00988238781470538,0.224459396451171,0.0229484327149823,0.00354730365629092,0.0115856618945976,0.00401960913107895,0.000101533299742751,0.0121737400540487,0.0109042135433593,0.0107662910246018,0.00474585527838666,0.0109844230674004,0.0200512163560312,0.00493864350246438,0.00132402297214718,0.0110605384453066
0.105107542970518,0.0773118579302556,0.078013577157656,0.110597170190253,0.233025376538793,0.0843616789418776,0.184621038030917,0.173878138968219,0.180810342836259,0.0580993792155976,0.28421318104925,0.00982558162229822,0.233170414735847,0.0208230574744276,0.00351532938534941,0.0120053391453416,0.00418433604047029,6.9170683067244e-05,0.012533768409199,0.010228267219945,0.0112442402162476,0.00388399117715499,0.0106976522638594,0.0225215434998736,0.00479779698066431,0.00135547212644652,0.0110346394437776
0.106581706191196,0.0791893373748435,0.0797853179569014,0.112999634218759,0.239266369828745,0.0872104901973734,0.190293003034434,0.17349414985927,0.183816954259331,0.0583369250948205,0.2956128293596,0.00985257792974078,0.241826855159067,0.0189613945095696,0.00352013823908429,0.0120502462294076,0.00434028031336578,3.53199928894057e-05,0.0129193696382357,0.00956100660406555,0.0117715853499041,0.00324602899972914,0.0103845669453164,0.0246618518844506,0.00461132831220572,0.00139912348181635,0.0109824622761063
0.108048316109502,0.0810984231703233,0.0816167525989158,0.115317199318864,0.245308406986297,0.0901637231708577,0.196081824860896,0.173082655928215,0.186866057634964,0.0585618458227039,0.30707396960128,0.00995620393268608,0.250436445336904,0.0174393812754116,0.00356154642858944,0.0117029026062218,0.00448942742812398,7.72076996409164e-06,0.0133199720405451,0.00901211704932431,0.0122949354930092,0.00285158673500083,0.0100338443485558,0.0261040081341449,0.00438612106016236,0.00148707494862081,0.0108998801799709
0.109512068896715,0.083032376957654,0.0834991137503174,0.117538545721661,0.25111827887083,0.0932316509230734,0.202013516639439,0.172615873141535,0.189979398886603,0.0588390083581219,0.318589899309643,0.0101267586513594,0.259018427748737,0.0163023195660111,0.00363412633161198,0.0109724297759699,0.00463636685156002,0,0.013724343408816,0.00872658260798376,0.0127578886248081,0.00268334516287771,0.00963800382012897,0.0266925923278915,0.00413116025675684,0.00164628857617022,0.0107895264128385
0.110978213775449,0.0849834885035518,0.0854224939825759,0.119651764250694,0.256682374015171,0.0964201478915289,0.208113479005369,0.172069598198216,0.193178521598979,0.0592315891398286,0.330159487865623,0.0103526115179009,0.267602168855894,0.0155540096457654,0.00372622750620483,0.00988994274918125,0.00478810652511056,2.88104638930167e-05,0.0141214510137975,0.00885143908988427,0.0131063190587569,0.00269434937474416,0.00919628815062542,0.0264151177659209,0.00385661545239603,0.00188739517408388,0.0106608686799594
0.112452401603325,0.0869434136566303,0.0873762051489479,0.121644382054402,0.262009271703568,0.0997297007393546,0.214402720823683,0.171425400373341,0.196483459136939,0.0597941370683529,0.34178737944644,0.0106208022908057,0.276225292631553,0.0151528864701751,0.00382013440357895,0.00850410497526071,0.00495377614833162,0.000109771964398645,0.0145013269138577,0.00947273229886312,0.0132931624138783,0.00282253987369835,0.00871522412593713,0.0253509831125509,0.00357292429041878,0.00220205568344125,0.0105298734507317
0.113940510951383,0.0889036251612086,0.0893491594023407,0.123503432138888,0.2671309567284,0.103154686963588,0.220893671072489,0.170672573810954,0.199911580796219,0.0605672070757188,0.353483941703366,0.0109176253406805,0.284931295441663,0.0150177786472435,0.00389340070019493,0.00687775862879997,0.00514433176266841,0.000253562572548227,0.0148558808364173,0.0105654585589997,0.0132823229367821,0.00300566019231468,0.00820697261756043,0.0236334272484911,0.00328995046696518,0.00256925401238614,0.0104177887050358
0.115448465592946,0.0908559515472918,0.0913302844290723,0.125215604773232,0.272102471650565,0.106682962828865,0.227585933876834,0.169809694893265,0.203476594649194,0.0615740178296634,0.365264885150702,0.0112291985465336,0.293766670653053,0.0150415840430339,0.00392106256766338,0.0050875913191871,0.00537237598783554,0.000464513393378545,0.0151796059686732,0.0120018698921498,0.0130515185683959,0.00319147956532464,0.00768606932806043,0.0214200984777081,0.0030162932523232,0.00296301778032672,0.0103486160594791
0.116982057786132,0.0927931880509344,0.0933089878072704,0.126767534598212,0.276999904460532,0.110295790840775,0.23446247673276,0.168845596071376,0.207187709483752,0.0628192723287783,0.377150500818404,0.0115420112072313,0.302777684167674,0.015107932025739,0.00387830174715855,0.00323306697093992,0.00565215605870257,0.000742328635864698,0.015470122925324,0.0136004503857585,0.0125939570409714,0.00334233383654133,0.00716543237856023,0.0188704749153553,0.0027588314615122,0.00335746180013164,0.010345282536163
0.118546790500126,0.0947097781679114,0.0952756758805332,0.128146290022969,0.281916767063068,0.113968129071327,0.241486848314359,0.167799573188964,0.211048966576034,0.0642898764616282,0.389164505638329,0.0118434214778973,0.312007055038004,0.015105993773518,0.00374320624004393,0.00148101761322232,0.00599970027264469,0.00108497572733062,0.0157285071248825,0.015170521617031,0.0119187726626459,0.00343566101402219,0.00665264194039519,0.0161295625223861,0.00252256009044395,0.0037298309347203,0.010425037499513
0.120147751465474,0.0966025748780403,0.0972223080306388,0.129340137736134,0.286959034889883,0.11766928737463,0.248602065722343,0.16670070224496,0.215058756407363,0.0659570027880265,0.4013325265981,0.0121220494156581,0.321490839366385,0.0149409668342853,0.00349945868643235,0.000257374709715463,0.00643293446869438,0.00149064980980799,0.0159593531826211,0.0165377139773906,0.0110502399346276,0.00346281166221645,0.00614745694670116,0.0133175454169259,0.00231071955370055,0.00406320638857497,0.0105950226579876
0.121789535311564,0.098471688407883,0.0991429331508749,0.130339649831164,0.292239293897265,0.121363922839256,0.255731768562384,0.165586237107717,0.219209544717467,0.0677789217942777,0.413680281165646,0.0123680067391929,0.331255757706387,0.0145400930382884,0.00313897662458202,0.00039289507526695,0.00697153506160471,0.00195826076289968,0.0161705526854968,0.01755803439486,0.010025920568197,0.00342796349254756,0.00564123407958112,0.0105250208324708,0.00212515281956987,0.00434995901304066,0.0108492727867935
0.123476234033672,0.10032140490068,0.101034126993173,0.131139197368524,0.297870518226078,0.125013307800634,0.262784090531891,0.164499158971581,0.22348786155924,0.0697041916475166,0.426231535189163,0.0125729289847951,0.341317099838654,0.0138552258400414,0.0026647175549132,0.00164643615208585,0.00763627909093758,0.00248694272044431,0.016372796239601,0.0181286823585042,0.00889399987848144,0.00334829230173836,0.00511836160776011,0.00781365275702389,0.00196677600509875,0.00459645189980493,0.011168360727933
0.125211510643203,0.10216111058436,0.102895244142692,0.131738826061676,0.303960001377707,0.128576771789835,0.269658438608265,0.163485032228223,0.227874640175212,0.071674997019851,0.439005963839856,0.0127298235511049,0.351677265590488,0.0128631450389155,0.00209409652851726,0.00318248053943541,0.00844777515875404,0.00307525809076278,0.0165788455747886,0.0181990938572035,0.00771003830009599,0.00325584087464599,0.00455924845801932,0.00522355393041629,0.00183601348816004,0.0048288028950935,0.0115221862470337
0.126998749991639,0.104006085939351,0.104728423814282,0.132146434608734,0.310603910231938,0.132013201343049,0.276255027847528,0.162588401731781,0.232345988982701,0.0736305451381326,0.452017098124804,0.0128327994061417,0.362324973844468,0.0115646573150325,0.00146376783094992,0.00468647984908311,0.00942467486012521,0.00372057428559803,0.0168026426754587,0.0177833645335715,0.00653320218093821,0.00320061224889176,0.00394418034273582,0.00279723115312991,0.00173302891673139,0.00509795635910683,0.0118752117373026
0.128841253332455,0.105877970882781,0.10653833842231,0.132380075155263,0.317882799253706,0.13528248019726,0.282486669486587,0.161849055030705,0.236874423714224,0.0755104396240133,0.465270573793939,0.0128767802639453,0.373235163063422,0.00998351628244519,0.000836486025626512,0.00605402461474531,0.0105816795575076,0.00441885818857052,0.0170583232042051,0.0169747568921499,0.00542182991031414,0.00325306734369457,0.00325774955561017,0.000699103286558964,0.00165760517437708,0.00547948057704537,0.012192504372003
0.130742426132169,0.10780467447636,0.108331734347705,0.132470073113027,0.325858192658056,0.138346767155122,0.288291984770082,0.161298542436953,0.241430513033998,0.0772579072134093,0.478762892731181,0.0128573083069713,0.384369590392851,0.0081666053185603,0.000308000381436605,0.00724280606324005,0.0119277580963897,0.00516494780136112,0.0173591906149496,0.0159617802766802,0.00442810052692498,0.00350256939067289,0.00249487024653983,0,0.00160863839530666,0.00606195954761153,0.0124448591915341
0.132705907938254,0.109819523103265,0.110116868930903,0.132460532098652,0.334570071403798,0.141171538744753,0.293648869097207,0.160957351022684,0.245984851158789,0.0788227162574114,0.492480867706979,0.012770514637226,0.395678103762546,0.00618775097203218,0,0.00823877772538118,0.0134649225666079,0.00595322490389588,0.0177167104643367,0.0150379714294167,0.00359185887815351,0.004047694582534,0.00167278925849598,0.0015641859785827,0.00158342197752374,0.00692418747286447,0.0126119795842482
0.13473560097865,0.11195950512992,0.111902980546178,0.132409675392921,0.344034900155515,0.143726364068172,0.298586611791928,0.160833050630037,0.250510267909208,0.0801636314544166,0.506401861970523,0.012613271256648,0.407100514361528,0.00415890230592013,1.03858526173175e-05,0.00904826604314476,0.0151877210686285,0.00677852174653442,0.0181396175235318,0.0145766969692441,0.00293453013254123,0.00497732144395971,0.000863537426884743,0.00375728521853958,0.00157710324625014,0.00811435744306825,0.0126836000536854
0.136835563095141,0.114262571306027,0.113699930376873,0.132388423335386,0.354243781153765,0.145985425195752,0.303194622192372,0.160919592080752,0.254984167987156,0.0812502867187631,0.520494864040616,0.0123834668451823,0.418568947557582,0.00225318954856985,0.000339701050970518,0.00969674822145283,0.0170834112566515,0.00763706254088537,0.0186332721800808,0.0149252181959139,0.00245526778544616,0.00634858212266891,0.000280859444473232,0.00612633074023139,0.00158273019380761,0.00964531766347118,0.0126590009962215
0.139009740635023,0.116764085692228,0.115518121958026,0.132476679132352,0.365160447771747,0.147927846930342,0.307625362534464,0.161197769711645,0.259390826624894,0.0820644104577761,0.534722362181704,0.0120802954337047,0.430010517440307,0.000739239176617834,0.000894837110066992,0.0102290746739965,0.0191326648409108,0.00852727136501169,0.0191994114591404,0.0162397376559545,0.00213199308617775,0.00817288762184585,0.000344651467812697,0.00862651321243228,0.0015921292357706,0.011503939782247,0.0125454509554894
0.141261532880045,0.119492682433104,0.117368732854443,0.132757061076405,0.376719083102731,0.149537950091154,0.312089085424175,0.161636695916415,0.263723399842367,0.0826003969923833,0.549042899529663,0.0117044407843458,0.441350173909293,0,0.00156747646019788,0.0107085684267995,0.0213106361039232,0.0094503394479453,0.0198363803711812,0.0184153198119806,0.00192884295992656,0.010416762161861,0.00125561534211139,0.0112706987898008,0.00159765539676844,0.0136631276848917,0.0123560039186915
0.143593204353622,0.122465941884455,0.119264180863874,0.13330631624969,0.388822297885277,0.15080557798804,0.316838632419242,0.162196016619709,0.26798539938896,0.0828652721351971,0.56341409447478,0.0112580853535465,0.452513612167861,0.000460828743858484,0.00228736819860643,0.0112128792834805,0.0235882649055562,0.0104104995728384,0.0205398133729684,0.0211858659378169,0.00180938368691293,0.0130141021907132,0.00277061684315582,0.0140807607419442,0.00159484774023187,0.0160899019136923,0.012107093942942
0.146005189834789,0.125686417381706,0.121218620153703,0.134185332502812,0.40133991117489,0.15172664708814,0.322144121758317,0.162828552125839,0.272191454893316,0.0828781300581257,0.577795821995186,0.0107447530398581,0.463430175289268,0.00239544937019295,0.00303436921235353,0.0118251984243366,0.0259337246478779,0.0114149974140685,0.0213036172494218,0.0242621443672614,0.00175362730443618,0.0158816894592463,0.00467959363542253,0.0170757203268873,0.00158617946643598,0.0187494279341186,0.0118164341202099
0.148495360734664,0.129138591895115,0.123248176986386,0.135429347006599,0.414109319344712,0.152304024961343,0.328259805883382,0.163483072011972,0.27636730274209,0.0826691112401536,0.592153206901507,0.0101690884556988,0.474035681975729,0.00579841590301807,0.00383554411482037,0.0126216923123006,0.028313939458686,0.0124737876876963,0.0221210396109078,0.0274023643526297,0.00177693159565444,0.0189324156971112,0.0068979161473199,0.020268071190983,0.00158599602785995,0.0216067497717558,0.011501515770159
0.15105833617591,0.132787305169513,0.125370635378524,0.13704033177702,0.426938133212399,0.152548739495102,0.335388179009001,0.164106977510484,0.280549041326011,0.0822779598668179,0.606459088428003,0.00953677332901506,0.484275081447771,0.0104813197771315,0.0047563841474385,0.0136593018794029,0.0306960864325893,0.0135990134575908,0.022985611161994,0.0304268589703078,0.00194814090211354,0.0220848765999857,0.00939635621263987,0.0236636324051924,0.00162526869326293,0.0246275261704242,0.0111785236372733
0.153684925388032,0.136578057423825,0.127604360617071,0.138983346892185,0.439609414902552,0.152481394339896,0.343648483739259,0.164648742368302,0.284781736888627,0.0817521714343059,0.620695658217532,0.0088548841549591,0.494104811576965,0.0162270004880503,0.00588391000952907,0.0149693969112,0.0330489935961791,0.0148043359784732,0.0238918138747283,0.0332125214147988,0.00239976101092295,0.0252700837586441,0.0121655648419863,0.0272629501690676,0.00175074592036233,0.0277783953677954,0.0108612240635452
0.156361781255701,0.140439377853203,0.129966359093438,0.141187838377203,0.451889356043188,0.152133548474465,0.353056866652525,0.165060035670088,0.289117467782361,0.0811447361178226,0.634855043584369,0.00813311545269629,0.503494732963592,0.0228544504130106,0.00730214749001812,0.0165597449598677,0.0353443605907139,0.0161041705362562,0.0248354217145748,0.0356841129309037,0.00331579051786957,0.0284362845848749,0.015202136150161,0.0310625580200414,0.00201118828562451,0.0310272350443021,0.0105596980587373
0.159071335147885,0.144287191073971,0.132469493827934,0.143553679368245,0.463536764366752,0.151548752161198,0.363522972756882,0.165297509624822,0.293612894869193,0.0805115042838244,0.648938713864758,0.0073864551163309,0.512429527043535,0.0302203193114434,0.00906862817627578,0.0184221689671672,0.0375577574844388,0.0175128746636501,0.0258135442225365,0.037806833141603,0.00488664668161252,0.0315524298124545,0.0185022453731205,0.0350551974533164,0.00243637963210167,0.0343434277074493,0.0102793861813649
0.161792071143042,0.148030873925895,0.135119014580745,0.145960663147005,0.474313408069294,0.150782932788323,0.37486345813127,0.165324278442613,0.298326459134421,0.079908246329622,0.662955726072929,0.00664011091626237,0.520909471331116,0.0382067109586955,0.0112024168821588,0.0205408885684,0.0396693751579661,0.0190439435954082,0.0268244463438028,0.0395803826836661,0.00724951723451087,0.0346102916967823,0.0220580568141369,0.0392291273693684,0.00302910764398463,0.0376981457404384,0.0100211556114017
0.164499173811399,0.151580491234086,0.137908723335906,0.148279542663534,0.483994175545768,0.149903883919416,0.386828542957778,0.16511113603558,0.303315334296535,0.0793875422426172,0.676919975117259,0.0059375231851356,0.528950534370867,0.0467135387032566,0.0136859700873173,0.0228980742876263,0.0416645020791795,0.0207092758653788,0.0278672240077603,0.0410339219277811,0.0104562791891432,0.0376248224149931,0.0258554209585056,0.043567169669048,0.00377360472784642,0.0410645898779612,0.00978267508777632
0.167165546766514,0.154854531450642,0.140817259000039,0.150382699276529,0.492376131438827,0.148989711398051,0.39913511617844,0.164637557574005,0.308632297471387,0.0789956976482421,0.690846742669463,0.0053508134495846,0.536583773396566,0.0556570844988462,0.0164748957862321,0.0254760122150789,0.0435337003639709,0.022518557904828,0.0289414056450464,0.0422212710109997,0.0144844035329917,0.04063216849344,0.0298724700406857,0.0480461873763309,0.00464564380996331,0.0444180670612751,0.00956061041356042
0.169763160058505,0.157787338548356,0.143805109761377,0.152152974464282,0.499285824300371,0.148126214161281,0.411499725300816,0.163892510093786,0.314322709590522,0.078769924258302,0.704748911078232,0.00498588730743616,0.543854077644293,0.0649722567661418,0.0195090143639112,0.028257115816731,0.0452726633677512,0.0244787842412486,0.0300465383668892,0.0432156899003518,0.0192663227243912,0.0436849240531392,0.0340790693278036,0.0526376334341413,0.00561711414964769,0.0477357982198331,0.00935272696373106
0.172264645734703,0.160335386035619,0.14681300276612,0.153489848067426,0.504584542845584,0.147403309505353,0.423666456935094,0.162875073333192,0.320421801842054,0.0787360415320574,0.718633202374262,0.00496012399742661,0.550818366448871,0.0746159583313564,0.0227216378445599,0.0312233889758543,0.0468817637382637,0.0265938981713038,0.0311818064001743,0.0441035786507812,0.0247128599153967,0.0468447863184755,0.0384371454245589,0.0573097023645268,0.00665702037184715,0.0509964037453868,0.00915926462704704
0.174645017262271,0.162481600585116,0.149762245504572,0.154312761930782,0.508171544493797,0.146910737451603,0.435427083660242,0.161594851433766,0.326952444049561,0.0789069519829676,0.732496738960475,0.00534063620160759,0.557543392517919,0.084569819756858,0.0260466696268731,0.0343564380763499,0.0483653416017679,0.0288645223923941,0.0323457180956206,0.0449766478738077,0.0307258206539328,0.0501737142302608,0.0429018483361338,0.0620313263786053,0.00773150240308529,0.0541790975721195,0.00898354614484147
0.176883347808214,0.164237130446361,0.152557397321162,0.154561847690183,0.509985521913646,0.146733377155732,0.446632968406425,0.160072137524977,0.333923539251723,0.0792820915066272,0.746324150978075,0.00609971135185832,0.564103302684567,0.0948414370722064,0.029423967239274,0.0376383977720742,0.0497308227736577,0.031287755996176,0.0335358851672497,0.0459227205438699,0.0372042157459699,0.0537256141246902,0.047423380179361,0.0667777161177344,0.00880394750331863,0.0572626696716248,0.00883204602310367
0.178964225986641,0.165640248713812,0.155091360169591,0.154196601552037,0.510004687093198,0.146946559714482,0.457199622320467,0.158337776088996,0.341329152441488,0.0798479374545484,0.760085398801763,0.0071451758610798,0.570577085344269,0.105463847940293,0.032803330639575,0.0410535474483948,0.0509877798713206,0.0338570370880817,0.0347489031345268,0.0470162206052015,0.0440483460179655,0.05754086711436,0.0519491982937616,0.0715364589706249,0.00983541789880742,0.0602242959340353,0.00871395873456221
0.180878830481006,0.166752446981885,0.157252644836314,0.153193181020249,0.508245836223995,0.147611756407283,0.46710546012607,0.156432664307113,0.349148430408703,0.0805794900457632,0.773734424564783,0.00837525076636501,0.577046007548988,0.116493215656726,0.0361472165147242,0.0445900816240807,0.0521470505339865,0.0365620949225665,0.0359803274970306,0.0483101149555083,0.0511636584956404,0.0616452883515565,0.0564262354642093,0.0763126271337043,0.0107853510748081,0.0630380996537344,0.00864010396904602
0.182625523898261,0.1676521630036,0.158934249602446,0.151541010390789,0.504762654406349,0.148772965686864,0.476386366875115,0.154406854684451,0.357346297588724,0.0814424808005709,0.787208683010836,0.00970354742467964,0.583591133168635,0.128004721940567,0.0394321042565943,0.0482414473068359,0.0532200103364411,0.0393890283568928,0.0372247299194111,0.0498311219293319,0.0584646809802111,0.0660536250097364,0.0608028085963604,0.0811311796235073,0.011612443724324,0.0656732857124905,0.00862116966240243
0.184209944335417,0.168426933380625,0.160043331190243,0.149239308908912,0.499643392269552,0.150454032311873,0.485127430082109,0.152318255274586,0.365874842750851,0.0823959677681349,0.800429538468951,0.0110607482101521,0.590291025478643,0.140086703409615,0.0426484102017162,0.052006804381117,0.0542180647196697,0.0423205413000914,0.0384758148646846,0.0515792384669256,0.0658786082054235,0.07077618107591,0.0650299919296243,0.0860352200556448,0.0122756598170621,0.0680916575488944,0.00866569802260117
0.185644648831811,0.169164997875774,0.16051068678753,0.146294034849748,0.493007956349245,0.152657030257297,0.49345282080191,0.150230948402669,0.374675280127622,0.0833949909004679,0.813303466604174,0.0123904284173537,0.597219754242716,0.152833203070201,0.0457989636048321,0.0558904066119989,0.0551523753508562,0.0453363435197234,0.0397265790358744,0.0535313902987602,0.0733479675074119,0.0758262610363231,0.0690623663858154,0.0910793099672419,0.012735375146147,0.0702444348007229,0.00877843668167912
0.186948417939208,0.169947447934124,0.16029902160031,0.142715598760646,0.485004432179055,0.155361754266601,0.501514478947469,0.148213166069309,0.383680381059838,0.084393069145942,0.825723978348584,0.0136456564756775,0.604445311500676,0.166335337941253,0.0488962889420034,0.059899952119558,0.0560337775465531,0.0484136999256974,0.0409695001528405,0.0556478920094432,0.080831990974287,0.0812260650515788,0.0728581879712535,0.0963180303850229,0.012954780808907,0.0720684939757176,0.00895945938123439
0.188145354969083,0.170841887267795,0.159409050591367,0.138517555770951,0.475805096170545,0.158526309380986,0.509480060687899,0.146334991834269,0.392817290450109,0.0853444691849351,0.837574191820624,0.0147871641402436,0.61202848225755,0.180672138735041,0.0519591953043374,0.0640441687898321,0.0568727909168706,0.0515280967427966,0.0421967422381998,0.0578799205810091,0.0883066176973718,0.0870092300990355,0.0763791315443018,0.101791321426617,0.0129018283435013,0.0734823995480069,0.00920401720425782
0.189263906165213,0.171898285477604,0.157882658760224,0.133716351263326,0.465602034641572,0.162088755332877,0.517520569394078,0.14466590649947,0.402010621514988,0.0862063022743788,0.848729997466954,0.0157825304770597,0.620022147610162,0.195901722045934,0.0550093215115226,0.0683300645254646,0.0576795981421585,0.0546539902247899,0.043400358627751,0.0601764303151051,0.0957632530574611,0.0932190731404056,0.0795898537552489,0.107509451726884,0.012552255430669,0.0743828088862565,0.0095028374589794
0.190335895389605,0.173147322831053,0.155802602108181,0.128332074678267,0.454602533655062,0.165969730866978,0.525798189097598,0.143272336344936,0.41118564779602,0.0869405673601922,0.859063757837326,0.016605824768449,0.628470953821493,0.212053768293968,0.0580682386847163,0.0727603369075862,0.0584638845572349,0.0577656045813366,0.0445724671053055,0.0624895682133112,0.103206472395968,0.0999026036336781,0.0824576626091934,0.113441073505354,0.0118947253887451,0.0746419628774988,0.00984269477016968
0.191395620072298,0.174601117450157,0.153288560991188,0.12239007355646,0.443024396299182,0.170075935627459,0.534454996471603,0.142215385262296,0.420271317684664,0.0875162472031968,0.868448449754211,0.0172373664598277,0.637411269975188,0.229124260464692,0.0611554888948809,0.0773313591780489,0.0592344889758781,0.0608377454623002,0.0457053763653213,0.0647782983615735,0.110650837687998,0.10710147756332,0.0849525645796193,0.119507282154446,0.0109402702374577,0.0741069782428798,0.0102073199574475
0.192479008416994,0.176255860565225,0.150489741730255,0.115923191219507,0.43109127712099,0.174304282463576,0.543603345702144,0.141548935016722,0.429202777511534,0.0879114990969465,0.876762132454887,0.017663444784175,0.646871361926256,0.247073212861425,0.0642876159448415,0.0820319953894607,0.0599988877343932,0.06384659512983,0.0467916652468007,0.0670103699427574,0.118117001425926,0.114842033839819,0.0870478982667998,0.12558330339501,0.00974115957832092,0.072601532349368,0.0105788274193656
0.193622803567465,0.178095634555909,0.147574617898417,0.10897432151109,0.419028033078575,0.178546462855452,0.553318709804858,0.141318269649629,0.43792315721873,0.0881158913237987,0.883892636029562,0.0178759714647188,0.656871709781612,0.265825646356595,0.0674779183742315,0.0868433529539502,0.0607625910333235,0.0667704577801136,0.047824243019733,0.0691629330933565,0.12562737193993,0.123126974673132,0.088721692464961,0.131508253583298,0.00843110051608217,0.0699303143840716,0.0109397491903461
0.194863724388943,0.18009662198844,0.144718759956472,0.101598933618589,0.40705602996255,0.182693619509643,0.563635575501076,0.141559309519435,0.446384519990577,0.0881325507722261,0.889742377114991,0.0178721171386731,0.667425387580137,0.285275455824236,0.0707364545734148,0.091739475800833,0.0615285588168732,0.0695904275939703,0.0487964289001545,0.0712221123280088,0.133201771694647,0.131930854544624,0.0899588058965952,0.137102993789689,0.00730505724179392,0.0658863938830843,0.0112755456997789
0.196237556225298,0.182231044514224,0.142091994938324,0.0938672133587433,0.395388339152481,0.186640826972302,0.57454664934443,0.142298442197315,0.454548022060417,0.0879800269784901,0.894233183401363,0.0176540056884694,0.67853841835393,0.305291292055961,0.0740698657076321,0.0966888742470176,0.0622967444680394,0.0722909508026938,0.0497020760600093,0.0731817921161813,0.140853611407648,0.14120044199402,0.0907537604704835,0.142196443487059,0.00689267157067077,0.0602616209543826,0.0115772679465395
0.197778149566837,0.184470428838339,0.13984634136407,0.085865488093551,0.384224807448838,0.190291153226849,0.586005225314798,0.143552842224413,0.462383416371473,0.0876936513913799,0.89731095253522,0.0172285178403719,0.69021001714078,0.325723324503318,0.0774808299158731,0.101656689057101,0.0630638596877765,0.0748602372133466,0.0505357431426291,0.0750418197492325,0.148587029586076,0.150859618804574,0.0911139483369145,0.146661329567958,0.0077116867147532,0.0528608881651483,0.0118439332566747
0.199516347812736,0.186788073188004,0.138106206987789,0.0776966381180027,0.373747071576066,0.19355917528585,0.597930197710558,0.145331104997943,0.469868063019563,0.087326188578059,0.898949914966196,0.016607204317648,0.702432636127161,0.346409803715929,0.0809672535234839,0.106607226620957,0.0638234294690039,0.0772904531475042,0.0512928992196523,0.0768058245028483,0.156395199771261,0.160817258154237,0.0910626861354089,0.150460436881505,0.00973544019050755,0.0435248253376338,0.0120840787145074
0.201478916742013,0.189160792710653,0.136962114394352,0.0694792314136771,0.364113709762168,0.196373896758523,0.610212963154831,0.14763399768493,0.476985603618603,0.086947644992345,0.899156228883606,0.0158062531929589,0.715191739179601,0.36718265567908,0.0845214743698368,0.111506545268782,0.0645661657721929,0.0795776237276922,0.0519701423467678,0.0784788939577245,0.164259684487789,0.170975860944388,0.0906415766126841,0.153703078571342,0.0125484286107581,0.0321855937121397,0.0123158457314539
0.203687590708826,0.191570117927152,0.136468677550754,0.0613451360636531,0.355455855828675,0.198681049374014,0.622725372243735,0.150455155482559,0.483724448002185,0.0866441892231798,0.897970611927514,0.0148464172991473,0.728465266927088,0.387871811199156,0.0881297594832569,0.116324685785492,0.0652806289066174,0.0817212086875656,0.0525654143626101,0.0800653944515338,0.172150499061908,0.181238828019101,0.0899118507348459,0.156707471456812,0.0157744926461167,0.0191467849561728,0.012564965061627
0.206158368794169,0.194003116828052,0.136646770316975,0.0534353573612462,0.347873705680897,0.200444775884508,0.635327944597233,0.153781612060141,0.490076240336151,0.0865161773204394,0.895469715061679,0.0137527979672714,0.742222803689315,0.408308422005406,0.091772289350148,0.121037081525722,0.0659540861040276,0.0837233822247326,0.0530781917239159,0.0815672163987632,0.18002655874616,0.191515094691596,0.0889546449455723,0.160056026815887,0.0191483972199266,0.00885660876691577,0.0128603676929212
0.208901181685202,0.19645294586788,0.137489026445366,0.0458938086147925,0.34143437020011,0.20164871262442,0.647877706501595,0.157594129090562,0.496034511494939,0.0866752299613773,0.891765973245308,0.0125544002264118,0.756424513655174,0.428327373425614,0.0954237046211295,0.125624767550008,0.0665734489687674,0.0855881092945392,0.0535096156049161,0.0829826568068774,0.187836349977083,0.201721080562848,0.0878703054261842,0.16461596174165,0.0224681469762168,0.020046729293309,0.0132279391675236
0.211920006769484,0.198919148768884,0.138967254853254,0.0388586650928131,0.336171432910942,0.202296523422319,0.660235197360444,0.161867363790147,0.501593740384533,0.0872402227842481,0.88700572871137,0.0112834123779813,0.771019966253049,0.4477695536661,0.0990541829758936,0.13007329449609,0.0671261839747036,0.0873201398369141,0.0538625120721829,0.0843060534713569,0.195518847592321,0.211780766073205,0.0867767063321515,0.17148328444547,0.0255641859971631,0.0402453403107013,0.0136839689590404
0.215213437625804,0.201407645507076,0.141040212528546,0.0324509832609278,0.332086350876285,0.20241197421859,0.672270371880953,0.166569968425879,0.506749005550494,0.0883320286491949,0.881365527690206,0.00997421277317105,0.785947011144862,0.466484278286469,0.102630929519947,0.134370668154281,0.0676011149410536,0.0889240417488108,0.0541412689927045,0.0855281849219498,0.203004827795162,0.221624739391646,0.0858063366601364,0.181816862706877,0.0282891815542646,0.0635886391597504,0.014230543560607
0.218775626058811,0.203930307666706,0.143660442262558,0.0267607992453661,0.329151538268501,0.202038659992141,0.683867268094758,0.171664739982303,0.51149631742181,0.0900669815056552,0.875046647026344,0.00866216808634065,0.801130891944422,0.484332162059005,0.106119913678186,0.138504967574513,0.0679890451518077,0.0904033841881338,0.0543515722921966,0.0866373522580331,0.210218776595194,0.231188614305172,0.0851017646110021,0.196586777305088,0.0305181018027536,0.0894673831842064,0.0148547829826612
0.222597435569906,0.206504013428674,0.146779394127503,0.0218328430072236,0.327314684328648,0.20123948095582,0.694927409967124,0.177108935216743,0.515833609549212,0.0925493587081131,0.868268093157902,0.00738235619391228,0.8164838105071,0.501188571045702,0.109487665826144,0.142462336123375,0.0682831312955976,0.0917601694466901,0.0545000324745944,0.087620962278221,0.21708152260192,0.240410906786886,0.0848090979043213,0.216341339157715,0.0321524040084241,0.117660166988151,0.0155323081716151
0.226667603927851,0.209149121270927,0.150350596403524,0.0176584323307734,0.326503683406254,0.200095899225318,0.70537197789666,0.182854849706847,0.519762264789218,0.0958636406358409,0.861258493695915,0.00616841157130159,0.831905160963489,0.516947552519298,0.112702940217285,0.146225794658243,0.0684789721479331,0.0929945797808785,0.0545937463391952,0.0884673380981752,0.22351352895154,0.249230468729405,0.0850691898960357,0.241107983233777,0.0331248576793614,0.147997324499586,0.0162334834757471
0.230973722129803,0.211887394450972,0.154331063790229,0.0141868224546807,0.326631554093295,0.19870688749945,0.715142827390659,0.18885073292818,0.523288990678436,0.100067695015679,0.854247435216126,0.0050517393885409,0.847282617076139,0.53152585712973,0.115738056848628,0.149775020060892,0.068574428604976,0.0941050518946116,0.0546398485848904,0.089167402008695,0.229438544355071,0.257583789118254,0.0860067269253716,0.27045086605977,0.033402845715776,0.180313221680156,0.0169299363927092
0.235502887748798,0.21473953825963,0.158681367673982,0.0113743363135636,0.327600872541017,0.197187323284631,0.724202474306383,0.195042067611156,0.526427855694408,0.105188088920325,0.847456862774654,0.00406134221645067,0.862494165734813,0.544866438567132,0.118569780951699,0.153087056695205,0.0685692354180263,0.095088634062719,0.0546451107370186,0.0897158414761312,0.23478715186437,0.265402690440708,0.0877181382517397,0.303612892331712,0.0329889550165054,0.214437161603378,0.0175991711094453
0.240241962130918,0.217722652189315,0.163364861566677,0.00928364973580168,0.329307456754733,0.19566542709368,0.732533188266154,0.201373184565838,0.529202325573904,0.111218349076853,0.841093132043739,0.00322429269530707,0.877411057605836,0.55694078377929,0.121179685425876,0.156137824521225,0.0684644855826415,0.095941540997092,0.0546156315351355,0.09011146719277,0.239499736503177,0.272612974084778,0.0902602307335191,0.339659802267953,0.0319185867582186,0.250190918204833,0.0182264141007949
0.245177435855194,0.220848003011033,0.168346503384442,0.00819818676671937,0.331643239453369,0.194278754592462,0.740135338026311,0.20778913390654,0.531647126802606,0.118120332120592,0.835340198137396,0.0025659465597062,0.891901528010754,0.567749648624029,0.123554020778124,0.158904114141253,0.0682620787759542,0.0966598132304466,0.0545566413241504,0.0903567528430057,0.243528520777412,0.279134334796414,0.093641887024279,0.37758838562345,0.0302550296950212,0.287385761021082,0.0188041789635388
0.250294975530276,0.224119543619077,0.173591601069179,0.0085648297639291,0.334498428490904,0.193168301811811,0.747025123392384,0.214237704792045,0.5338096946745,0.125828242324651,0.830354260094686,0.00210654630318443,0.905835044334427,0.577322097865187,0.125683160882186,0.16136558630443,0.067964228793027,0.0972400108698201,0.0544724281499706,0.0904568873318468,0.246838544207519,0.284881505040383,0.0978206221526333,0.416398253590056,0.0280828283696182,0.325816813931085,0.0193306047743219
0.255578781749485,0.22753351514387,0.179064683886709,0.0105976831651691,0.337763170737394,0.192470525293202,0.753231825100502,0.22067147836888,0.535750914286154,0.134254481129333,0.826259993242483,0.00184939965066784,0.919086766763228,0.585712953650586,0.127560730199281,0.163506319610754,0.0675731114414415,0.0976799022847041,0.054366383686742,0.0904188343820663,0.249407724032418,0.289766328785825,0.102704501446126,0.455139268318344,0.0255004483712731,0.365254287784229,0.0198074523818049
0.261010925450954,0.23107929179694,0.184728608155603,0.0140588718849271,0.341328998296885,0.192307531020369,0.758794713434009,0.227049805253777,0.537544904575473,0.143296473225252,0.823148333925792,0.00176665669791057,0.931541875204125,0.5929988142108,0.129182571673294,0.1653156860404,0.0670907053550751,0.0979791122346368,0.0542411531215634,0.0902507787275748,0.25122636009386,0.293700434469366,0.108158594314985,0.492945258217271,0.0226133925137463,0.405432163007932,0.0202383343418142
0.266570838456505,0.234741395895522,0.190543954440383,0.0185372042738,0.345090333112477,0.19277629092053,0.763759770778682,0.233340608084226,0.539277698234564,0.152843775918303,0.8210756612768,0.00180521608748922,0.943099422651205,0.59927281948057,0.130545753498819,0.166788590075718,0.0665188475173281,0.0981396611458977,0.0540988575182017,0.0899620616996038,0.252296574142762,0.29659832395935,0.114014395935274,0.52905982365274,0.0195292610303547,0.446035708269046,0.0206276015814933
0.27223510867125,0.238502368922835,0.196468751566162,0.0236721766735733,0.34894626053948,0.193938344442077,0.768176391989933,0.239521913315779,0.541044769260563,0.162784978799115,0.820064153418673,0.00191297445182189,0.953675418543079,0.604638336999946,0.131647797440792,0.167925245202865,0.0658595023768141,0.0981662757914422,0.0539413470375113,0.0895634546335529,0.252632145853551,0.298380864854105,0.120080649273751,0.562856262071492,0.0163571595628752,0.486689752215421,0.0209800911272061
0.277977674806185,0.242345982959534,0.20245855189238,0.0291754543661718,0.352802680091367,0.195811787629938,0.772094222624048,0.245583019696733,0.542947454671599,0.173014026286577,0.82010307503352,0.00205654809852598,0.963204913404414,0.609201709953849,0.132486245310768,0.168730684654549,0.0651152264617166,0.0980663080898867,0.0537704374041753,0.0890674881443246,0.252258996347885,0.298979280926226,0.126154456088923,0.593851609962518,0.0132165171631616,0.526949770638578,0.0213015109894139
0.283770437979261,0.246260164578459,0.208466865795308,0.0348037254390682,0.35657483765459,0.198367215240422,0.775560278284424,0.251525222444888,0.545088455687417,0.183435638135147,0.821150783591471,0.00222191612324547,0.971642943110201,0.613064226577473,0.133058602494145,0.169214159496553,0.0642897878625632,0.097849111352528,0.0535880810261629,0.0884885567799584,0.251216224273111,0.298339778227042,0.132032041407044,0.621714064957482,0.0102684144233314,0.566297600498868,0.0215988973219042
0.289584220631801,0.250239014941711,0.214445935716336,0.0403420612649504,0.360190161039588,0.201528613376887,0.778616465547322,0.25736203085605,0.547566794798623,0.193969531032246,0.823137323110125,0.00240875883280484,0.978964293210103,0.616313619277633,0.133362640511214,0.169388506689606,0.0633888629784929,0.0975248564149153,0.0533964365815971,0.0878426095552114,0.249557241455496,0.296428920260937,0.137518766902911,0.646263052379987,0.00780251774187995,0.604143071533795,0.0218806270270647
0.295389928385507,0.254283452388381,0.220347799272727,0.0455994985912352,0.363591261500915,0.205179204427078,0.781297607305677,0.263118838003571,0.550472786280491,0.204553218332308,0.825967578632792,0.00262549070792596,0.985162144925082,0.619015665113177,0.133397011632102,0.169269510144307,0.0624206907647568,0.0971030093989835,0.0531978289061426,0.0871463736853943,0.247350303591295,0.293239753849449,0.142437991948439,0.667461456642304,0.00639350866341426,0.639832274777864,0.0221557896316061
0.301159736979736,0.258400255935528,0.226125566712563,0.0504109691777144,0.366738918035839,0.209171281724669,0.783630067564134,0.268832026525581,0.553883657879763,0.215143282444659,0.829525043045546,0.00288598637946243,0.990245747633498,0.621206745345067,0.133162122286996,0.168875253991223,0.0613965398310334,0.0965908876674294,0.0529946238528663,0.0864162167710381,0.244677659163989,0.288798478894302,0.146638312389787,0.685399846757922,0.00669460915977808,0.672662741227471,0.0224330101946726
0.306868152946657,0.262599608149691,0.23173482183678,0.0546415877828816,0.369614820967337,0.213338452397744,0.785631061322007,0.274547529075938,0.557860372171623,0.225715136339146,0.833676263982174,0.00320716064243478,0.994237326656088,0.622888408121905,0.132661215525007,0.168225479390408,0.060330854088898,0.095992707296141,0.0527890671317549,0.0856668983748752,0.241632685801633,0.283171154461508,0.1499986863374,0.700273261427658,0.00851302387513476,0.701905499801185,0.0227189506825165
0.312492868977187,0.266891566625522,0.237135046629006,0.0581910896262724,0.372223815786946,0.217508554510781,0.787308704281865,0.280318902323983,0.562445946809509,0.236261393231869,0.838275984479187,0.00360674086313736,0.997168484937033,0.624024938989805,0.131901598129711,0.167340978285893,0.0592409953451351,0.095309351657789,0.0525831461565781,0.0849105340657397,0.2383147488808,0.27646959223009,0.152431059158031,0.712352626566937,0.0111394296966306,0.726833699590698,0.0230167867213161
0.31801541084438,0.271282167021137,0.242290972664252,0.0609971604537715,0.374595360930957,0.221515749668978,0.788662800177644,0.286205005970739,0.567665270425712,0.246789047305919,0.843172877899918,0.004101209378911,0.999076386155491,0.624544641889403,0.130895895504837,0.166243055340507,0.0581465872687609,0.0945388711012097,0.0523785289927666,0.0841560441424855,0.234822045388628,0.268855438315088,0.153880381717777,0.721954340167353,0.0141450919855654,0.74675708278052,0.023325054845621
0.323421618182259,0.275770012339538,0.247173778435889,0.0630368708460994,0.37678389869021,0.225210731147844,0.789686297926478,0.292267389972669,0.573526177376158,0.257315735944254,0.848215636624688,0.00470429617691422,1,0.624345060815694,0.12966315079023,0.164953055722153,0.0570685490106862,0.0936775621548275,0.0521766141649939,0.0834091996821106,0.231243276046101,0.260541812783965,0.154322314879946,0.729411663504598,0.0173494525189055,0.761061045904715,0.0236373355045225
0.328702012968942,0.280344186388847,0.251762071796408,0.0643256833829075,0.378867846394061,0.228468452914757,0.790367293589476,0.298567483573483,0.580021424433099,0.26786539919292,0.853259072382238,0.00542631362202302,0.999976644208061,0.623301841316934,0.128229553747361,0.163491917326766,0.0560279463567548,0.092721369184949,0.051978691591868,0.0826731872801377,0.227649468168422,0.251792558594015,0.153759243560698,0.735050326856086,0.0206728183382251,0.769248384729798,0.0239430987514279
0.333852099311849,0.284984124352733,0.25604260986661,0.0649137190978653,0.380946960302685,0.231193172330655,0.790691411809009,0.305163663133888,0.587131183549192,0.278463668002539,0.858169888805981,0.0062742517963558,0.999038991708684,0.621280402581607,0.126628608524246,0.161879686462364,0.0550447815171905,0.0916672922201063,0.0517861764667537,0.081949477713263,0.224087472550058,0.242919109522297,0.152215373239457,0.739169359928256,0.0240694158631606,0.770981146371389,0.0242296207382725
0.338872612937643,0.289661696173688,0.260010714708447,0.064879269518213,0.383137917149148,0.233320885558091,0.790644393227778,0.312108270299822,0.594825696698067,0.289133302235898,0.862831877772927,0.00725227864376331,0.997212653738636,0.618149129897188,0.124900597034862,0.160134940005311,0.0541368267918983,0.0905145000836738,0.0516008469525603,0.0812387448415429,0.220576458414296,0.234273481722657,0.14973169279799,0.742027277510463,0.0275002598638397,0.766119393512084,0.0244843930255058
0.343769699811425,0.294345273843733,0.263670349651524,0.064320014506227,0.38556810116391,0.234819439985407,0.790214745713812,0.319444667479291,0.603067821759506,0.299889975653155,0.867150383529329,0.00836226951676899,0.994514415519861,0.61379249441772,0.123091240243691,0.158274077284187,0.0533186017283591,0.0892649575358683,0.0514250063186826,0.0805416263775218,0.217108175626016,0.226233827113382,0.14636150840338,0.743833319174055,0.0309213191736034,0.754753296330813,0.024697250738403
0.348554954410225,0.299005071733895,0.267033834712545,0.0633431131366375,0.388367787773951,0.23568675239006,0.789396356494278,0.327204450768253,0.611815335425879,0.310738679670344,0.871055914745728,0.00960412405912785,0.990951182627607,0.608122458268014,0.121249528602745,0.156310477700612,0.0526005779930867,0.0879235328145239,0.0512615071126013,0.0798592065389408,0.213651022781992,0.219178356549405,0.142167067045758,0.744743278088357,0.0342784609750776,0.737224977402971,0.02486169198366
0.353245201551582,0.303618693344098,0.27012120200632,0.0620562515293497,0.391661190298583,0.235947651437814,0.788190967971964,0.335404976334608,0.62102302010494,0.321670989519522,0.874506781192479,0.010975774050071,0.986519677019957,0.601086844515123,0.119424815448164,0.154253574039339,0.0519886586272656,0.0864976740856053,0.0511136111524199,0.0791931911829368,0.21015722922791,0.213445686239357,0.137217506049697,0.744859399446693,0.0375063315277825,0.71413691107536,0.0249753269009644
0.357861881412803,0.308175687522607,0.272959224797361,0.0605626675859948,0.395557157512368,0.235649902997669,0.786610395656095,0.344047374746312,0.630644656739853,0.332663393025584,0.877490630302781,0.0124728862018817,0.981206892846924,0.592674093266113,0.11766340590821,0.152107972961506,0.0514839430161995,0.0849967943170039,0.0509846988764421,0.0785458117480648,0.206571866379289,0.209284910683681,0.131588074589525,0.744233775823422,0.0405300974200324,0.686344241125596,0.0250397119547889
0.362429915287773,0.312680059229149,0.275580198253378,0.058963724456915,0.400140594876141,0.234859973568857,0.784678347810879,0.353115217919461,0.640635003783817,0.343676812405611,0.880024775660191,0.0140883239974332,0.974991294473598,0.58291473999572,0.116004960497959,0.149872834063295,0.051082778328122,0.0834315119442334,0.0508778750386861,0.0779195256264606,0.202842095085066,0.206805572107753,0.125360369030305,0.742874683770558,0.0432694059661379,0.65492900480301,0.0250598428306023
0.366975998538637,0.317150069377616,0.278020600398653,0.0573722010742308,0.405465819309519,0.233659036699751,0.782431712923012,0.362573969516821,0.650951704633524,0.35465735762611,0.882155241121536,0.0158114717682745,0.967844736379613,0.571880503883517,0.114479057725061,0.147541741681237,0.0507770958476055,0.081812885535942,0.0507955403039543,0.0773165885339704,0.198925126335679,0.205942733715609,0.118623232747279,0.740755441000768,0.045643910731174,0.621154907885541,0.0250434326051094
0.371526378774609,0.321615202528225,0.280319799772342,0.0559374077916603,0.41155295465614,0.232139612503785,0.779921213594063,0.372371301025373,0.661556935155465,0.36553825596571,0.883954491039161,0.0176275537533801,0.959735106215414,0.559681720025848,0.113102260050345,0.145103245946676,0.0505550108956328,0.0801517504117401,0.0507390044622856,0.0767385814483558,0.194793774520781,0.206451046582446,0.111473968425186,0.737825426933652,0.047579566935489,0.586402043800259,0.0249999877189662
0.376104306602956,0.326110759361414,0.28251897971799,0.0548785204248237,0.418388099653299,0.230403044489052,0.777211375542756,0.382438300190615,0.672418539354048,0.376242824185139,0.885517879856101,0.019517102940104,0.950629689097061,0.546463279607859,0.111876009057312,0.142542144129479,0.0504016400503957,0.0784582125280497,0.0507082037451674,0.0761859851014418,0.19043906040477,0.207932546293615,0.104019568287048,0.734022637802058,0.0490147596186844,0.552082119705311,0.0249396926591016
0.380727457005711,0.330671032935788,0.284660412183098,0.0545138669339503,0.425927413300081,0.228557780107307,0.77437980478723,0.392691543665563,0.683510402995036,0.386688291417472,0.886958926925001,0.0214557465133447,0.940499169623897,0.532398912017782,0.110785622214358,0.139841469314067,0.0503000903621366,0.076741302636335,0.0507015575158031,0.0756578865457549,0.185869914961472,0.209890713812978,0.0963777556103631,0.729286579845118,0.0499052954451482,0.519537126995752,0.0248721846873561
0.385405675427445,0.335322359817093,0.286787152062354,0.0552621661633705,0.434104615016717,0.226718166665305,0.771515788823607,0.403035951980019,0.694811871584881,0.396790244756787,0.888403599019091,0.0234144722340171,0.929322039001268,0.517683861341006,0.10980059098557,0.136985065634704,0.0502325973256458,0.0750087698875501,0.0507159712753243,0.0751518607645311,0.181110539540939,0.211795742720054,0.0886776969591259,0.72356987140518,0.0502275050367497,0.489929019916581,0.0248053500907697
0.390139386787951,0.34007742011371,0.288943155070326,0.057587528815286,0.442840861544951,0.225003246994767,0.768718260853155,0.41336828249676,0.706306143768881,0.40646746160895,0.889983860853963,0.0253605165761851,0.917089026400778,0.50252646848108,0.108876319145767,0.133960531784777,0.0501817908375407,0.0732670040204732,0.0507469739307029,0.0746640153529465,0.176196336537513,0.213146363033082,0.0810602247399783,0.716846997716863,0.0499791960513403,0.46413518043015,0.0247442575150236
0.394918927850836,0.344931955996737,0.291173754523091,0.0618857778433764,0.452055654107501,0.223534901502676,0.766093221426421,0.423581042449988,0.717977764976759,0.415646911977012,0.891830825741232,0.0272589651274136,0.903807079008866,0.487139394478453,0.107957373923102,0.130762201512439,0.0501320254540376,0.0715210976934874,0.0507889664429399,0.0741891492393903,0.171169480746383,0.213519030194875,0.0736772662238332,0.709119194092145,0.0491787582561285,0.442671994607254,0.0246903249077858
0.399724947547946,0.349864624310984,0.293526367866518,0.0683648744802863,0.461677376749825,0.222434705509498,0.763750791082781,0.433566536268167,0.729809546431076,0.424268747520774,0.894067892159419,0.0290750775198564,0.889502376636494,0.471731098700905,0.106982187410159,0.127393753372651,0.0500706369461428,0.0697750679994908,0.0508355491468308,0.0737209728824948,0.16607508446548,0.212600928218217,0.0666898861239926,0.700415228037093,0.0478630565205073,0.425670713667926,0.0246408470098107
0.404529886609437,0.354840112263783,0.296051253677773,0.0769941132899895,0.471652234787472,0.221819098853825,0.761802132384079,0.443220727234622,0.741779360836745,0.432291127362108,0.896804271284062,0.0307772439394056,0.874221871480171,0.4564979465932,0.105888903216034,0.123870038620351,0.0499889218582986,0.0680322369290622,0.050879885393776,0.0732523689175322,0.160958519453114,0.210206672583078,0.0602638576877559,0.690788762307857,0.0460847570057712,0.412919220637713,0.0245890116261435
0.409300412347291,0.35981508122449,0.2988021216751,0.0875401072865627,0.481950684912735,0.221792889096822,0.760356501257206,0.452446620159947,0.753857306645083,0.439694753337449,0.900129278412776,0.0323403450497806,0.858032901578642,0.441617160352889,0.10462176689683,0.120217756100173,0.0498826266402187,0.066295736966388,0.0509150567723122,0.072775722910865,0.155863931261858,0.206280227435877,0.0545609960890482,0.680313682298668,0.043909526125246,0.403960873226661,0.0245244481090924
0.414000564941801,0.364746097481855,0.301836422102533,0.0996425088323154,0.492570846021958,0.222441651503207,0.759518657642714,0.46115696709551,0.766003716668148,0.446486997820217,0.904107676409707,0.0337491195717213,0.841020567907131,0.427240760783088,0.103137249506097,0.116474668456059,0.0497518031207344,0.0645690806581316,0.0509343756806398,0.0722833809380144,0.150833519430112,0.20088447347491,0.0497241216106365,0.669078878383007,0.0414132551873484,0.398219160945228,0.0244342683529642
0.418595292192286,0.369598528186705,0.305215202809029,0.112881043646683,0.503538775998999,0.223824100293035,0.759386793888944,0.46927623085594,0.778168407826186,0.452705505458456,0.908776243864654,0.0350009567218083,0.823282815323208,0.413490649819232,0.10140909218046,0.112687192237507,0.0496000202842685,0.0628567155597975,0.0509316400686963,0.0717682522990923,0.145906922771162,0.194181554754059,0.0458548916986352,0.657183525441847,0.0386792016424572,0.395109381049403,0.0243045353446222
0.423054027064086,0.374355410208224,0.30900250721267,0.126818847756446,0.514905849571671,0.225965800057616,0.760051049741975,0.476741854527171,0.79029141362196,0.458421129218857,0.914141624516451,0.0361073656846714,0.804923508359858,0.40045503338179,0.0994316382693864,0.108906464957472,0.0494330663732457,0.0611644734564293,0.0509013315507017,0.071224478238894,0.141120112530998,0.18640762268354,0.0429884909072738,0.644733304196484,0.0357948288143229,0.394109855855839,0.0241220667031482
0.427353990863634,0.379025463109882,0.313264369866084,0.141028105186038,0.526743761035869,0.228855514901574,0.761592594693707,0.483504948819935,0.802305246926588,0.463740013703098,0.920179413148137,0.0370933110824729,0.786044177881492,0.388186439084411,0.0972210328818763,0.10518338833412,0.0492573747591682,0.0594998229431485,0.0508387651126918,0.0706479920294823,0.136503526431052,0.177845804575579,0.0410760138995882,0.631837538203093,0.0328482468405406,0.394785900847264,0.0238764217940255
0.431482964737909,0.383649620034701,0.318067526282838,0.155106939984952,0.539137884371568,0.232445032338733,0.764083174823765,0.489530544081624,0.814138568068115,0.4688045757874,0.926834343226054,0.0379937670812684,0.766735429120977,0.376701571315678,0.0948140335284615,0.101563542868567,0.0490784354131958,0.0578718567213732,0.0507401979150267,0.0700367739291216,0.132079659277715,0.168800876867993,0.0399873482086087,0.618606892493684,0.0299244132877011,0.39677725065022,0.0235618529781817
0.435441352090987,0.388305610804624,0.323477987678586,0.168692911401023,0.552179818395402,0.236652586679374,0.767584940549137,0.494797593016169,0.825721006477101,0.473793084762981,0.934021361847937,0.0388473806170055,0.747069171637408,0.3659831149271,0.0922643637325296,0.0980830707788667,0.0488994232383893,0.0562909841529626,0.0506029008920764,0.0693906844708698,0.12786078986831,0.159577921002181,0.0395379164398331,0.605151116275172,0.0271014463921655,0.399767645222633,0.0231789161794052
0.439243455458596,0.393110203263817,0.32955964912887,0.181475047823016,0.565959901231135,0.241369286920759,0.772150301551314,0.49929895201855,0.836988787264588,0.478917540192505,0.941627324061347,0.0396881202402777,0.727092846165227,0.355983375333567,0.0896368783681079,0.0947664968244419,0.0487202133862011,0.0547683444178331,0.0504251912848029,0.0687109005025329,0.12384777031899,0.150465390602178,0.0395278175320876,0.591576395268549,0.0244474301810211,0.40345436671939,0.0227353420417682
0.442918008524893,0.398218699331523,0.336373100371294,0.193204462473089,0.580560299614131,0.246467458329141,0.777821509856609,0.503041584607361,0.847890721361009,0.484419594359354,0.94951302822047,0.0405370660933432,0.706826683751809,0.346629441760817,0.0870002814829159,0.0916269656498774,0.0485368827045431,0.0533149958163727,0.0502064158320699,0.0679991015979001,0.120030689663747,0.141721438683989,0.0397762246621612,0.577982136930973,0.0220179815604227,0.407529411346382,0.0222457418268382
0.446508115762231,0.403821259119853,0.34397478590088,0.203702786270182,0.59604899727953,0.251809646743889,0.784629666805019,0.5060471997298,0.85839401434799,0.490564356203732,0.957515350428242,0.0413976050016645,0.686264715665424,0.337829470015129,0.0844195343701197,0.0886686296835396,0.048341726844073,0.051940964014432,0.0499468695051598,0.0672566078984626,0.116391758534217,0.133562114278588,0.0401409315283475,0.564457250632141,0.0198546857730177,0.411676518231215,0.0217298607038182
0.450070831295203,0.410135690051393,0.352416623312659,0.21286740810621,0.612474690441598,0.257257179371613,0.792592899307956,0.508353461047858,0.868489242024411,0.497632029760072,0.965449318258051,0.0422576557943674,0.665379752369625,0.329479650353606,0.0819491675729813,0.0858902368351031,0.0481237622518274,0.0506542489426153,0.0496476439497474,0.0664836550787617,0.112910101465053,0.126151343178969,0.0405229780306751,0.551076174374643,0.0179843608099456,0.41558214594677,0.0212094588961916
0.45367663752249,0.417396571782948,0.361746148653633,0.220672537219264,0.629862358519733,0.262677506115267,0.801713566527219,0.510015792740681,0.878193758016802,0.505907480496133,0.973110090462477,0.0431019022453926,0.644131926670898,0.321471357064812,0.079628423749027,0.0832886814383008,0.0478696361294267,0.0494599067445039,0.0493104176146061,0.0656789376817628,0.109567515227969,0.119594348388,0.040861408198918,0.537895141742389,0.0164190482180003,0.418954912334485,0.0207044339893244
0.45740905645434,0.425841019323973,0.372007207234417,0.227165282458505,0.648209235397824,0.267949926330732,0.811974539888204,0.511109685603814,0.88755277336835,0.515667995553039,0.980274969531146,0.0439355892011735,0.62247976716255,0.313697919299565,0.0774787134041356,0.0808614781272853,0.0475648349851993,0.0483593354643471,0.0489372075294982,0.0648394945284983,0.106353900320129,0.113936794175197,0.0411234841868133,0.524949401316825,0.0151566755894665,0.421547054200839,0.0202292319103878
0.4613645392482,0.435691965177393,0.383241126586946,0.232456268080161,0.667481093979203,0.272969637259146,0.823334818830859,0.511733301764305,0.896637412625395,0.527169701771259,0.986705745981468,0.0448194164409981,0.600392272447115,0.306060556912133,0.0755034838896139,0.0786076153062162,0.0471950611272262,0.0473498822214357,0.0485300979231272,0.0639609733743559,0.103271164570074,0.109170922402468,0.0412941533165579,0.512252060747656,0.0141824310795444,0.423172520251066,0.0197906010851913
0.465652632192784,0.447140428952102,0.395488192396508,0.236704810979668,0.687609067152783,0.277650272781639,0.835724930775283,0.512010098735066,0.905539230054612,0.540633294582454,0.992151834271519,0.045911476828065,0.577860223064434,0.298473284735722,0.0736903221736694,0.0765267983208825,0.046747637521569,0.0464248477690854,0.0480909580081502,0.0630382871689646,0.100334873507052,0.105248180734921,0.0413670838350187,0.499794884574537,0.0134708917672356,0.423718453275285,0.0193872310771246
0.47039622502246,0.460328639591615,0.408789124797725,0.24009939622399,0.708487495149147,0.281925224480423,0.849042640111134,0.512091136795695,0.914360953650627,0.55622986798917,0.996354787140038,0.0475045342975224,0.554905084255994,0.290866819177468,0.0720148652620975,0.0746175417343397,0.0462128073346291,0.0455739044971114,0.0476211679101887,0.0620666291122977,0.0975735039552122,0.102096439999645,0.0413385004169231,0.487550960444023,0.0129887682269724,0.423149046266941,0.0190110704474856
0.475731482644732,0.475335896220153,0.423186156776868,0.242835061596154,0.729973412755293,0.285748064251193,0.863149456305833,0.512156694095329,0.923203571429545,0.574067692630686,0.999054831070328,0.0500343675788502,0.531584345809526,0.283191596751362,0.0704458777388519,0.0728748474592816,0.0455848116171147,0.0447838844844168,0.0471213803888949,0.0610427308072504,0.0950255872299407,0.0996390486814624,0.0412041928237489,0.475478883468472,0.0126978650735161,0.421502360044441,0.0186495946411187
0.481806889355912,0.492168630919465,0.43872327785171,0.245090176479526,0.751888258168879,0.289092344432327,0.877868368948547,0.512416795437348,0.932150250751123,0.594180760933103,1,0.0540280159372385,0.507992967043623,0.2754199564601,0.0689507467482786,0.0712882665279421,0.0448626499051321,0.0440398460579969,0.0465913470453867,0.0599661410638333,0.0927352523313327,0.0978123661060053,0.04095935351494,0.463528009089386,0.0125577410774333,0.418881475595617,0.0182882539442454
0.488780751065879,0.510755378343702,0.455445247572127,0.247005707940709,0.774022208303578,0.291950965792711,0.8929832155902,0.513110257864613,0.94124798089645,0.616519820707312,0.998958217396589,0.059985642693086,0.484261602820655,0.267547416796171,0.0675006720909959,0.0698409527140905,0.0440504515180202,0.0433262925163349,0.0460298293030749,0.0588402104749672,0.0907467821744001,0.0965782236545125,0.0406004081805955,0.451644297082227,0.0125277095230387,0.415441540812,0.0179126570285657
0.496816566253482,0.530946512442294,0.47339511494908,0.248670118315725,0.79614122653743,0.294335199339786,0.908240078782177,0.514501860996815,0.950488243418918,0.640946477836337,0.995732274574918,0.0682487797793065,0.460553239891201,0.259592883772725,0.0660749368581311,0.0685099348389572,0.0431574135133845,0.0426283951388488,0.0454346025879718,0.057672441851435,0.0890988600459079,0.0959284741987855,0.0401278287820961,0.439776255982097,0.0125681334605583,0.411374167962223,0.0175103758114754
0.506075932605793,0.552517952351882,0.492610189574666,0.250112368782439,0.817996485861425,0.296273344527206,0.923351032186542,0.51687728107033,0.959788395497563,0.667230794352044,0.990177083625091,0.0789332957253858,0.437060462967512,0.25159764293244,0.0646637596071969,0.0672674399159198,0.0421973001045528,0.0419330694494146,0.0448025580757965,0.0564739598807405,0.0878192367656887,0.0958804808051782,0.0395490220787321,0.427880504063455,0.0126412179780518,0.406890415538347,0.0170723390762302
0.516709097531832,0.575177731201437,0.513116664973,0.251304216638119,0.839335396692702,0.297808922132527,0.93800037638085,0.520535517624045,0.9689757032489,0.695052662233233,0.982217879575341,0.0919487739554524,0.414005480342712,0.2436230886548,0.0632693428153388,0.0660828697256871,0.0411875479637409,0.0412297764514566,0.0441299201277682,0.0552580800309858,0.0869205588208698,0.0964646509683428,0.0388806301356862,0.415926509285164,0.0127115695914405,0.402203312498978,0.0165937065382959
0.528843814238425,0.598574366478455,0.534923348031633,0.25217150026371,0.859913135658999,0.298998248533275,0.951853260466222,0.525778695573891,0.977775976937966,0.724007099696791,0.971867284362246,0.107060664485322,0.39164401731623,0.23574722339837,0.0619048911546502,0.0649250158297356,0.0401480704676176,0.0405109704689092,0.0434126212086914,0.0540382574088889,0.0863979945175308,0.0977073375159192,0.0381498318551367,0.4039001469515,0.012746722401494,0.397510681088875,0.0160741192533859
0.542573699517526,0.622306264132383,0.558015146065393,0.252612956649456,0.879503427772062,0.299907226327415,0.964566343134886,0.532899338878704,0.985808486234426,0.75361348255018,0.959238450889786,0.123949477617766,0.370272101718533,0.228059997723799,0.0605916199954938,0.0637642090024322,0.0390998848323907,0.0397721824911339,0.042646876902105,0.0528259396795082,0.0862290437370065,0.0996139136289142,0.0373944222004793,0.391805795693723,0.0127177158886718,0.392979038913817,0.0155173401846165
0.557947648650456,0.645931797145565,0.582347057086459,0.252524713772355,0.897907430425326,0.30060721729668,0.975799955651001,0.542165523858506,0.992588328623133,0.783328577714468,0.944551047250702,0.142252277998427,0.350231705209895,0.22065762962199,0.059354106071735,0.0625742287190135,0.0380636926155065,0.0390117933244377,0.0418299525838658,0.0516289075323029,0.0863755722186211,0.102156945010154,0.0366615548060762,0.379666779039307,0.0125997132606266,0.388729582836158,0.0149304024317811
0.574961911505924,0.668980098890685,0.607839377154309,0.251828983804083,0.914959897342154,0.301169941244527,0.98523110402123,0.553804757156028,0.997536828979161,0.812563098985936,0.928126823799402,0.161590989701057,0.33190770763241,0.213636180471145,0.0582146896898373,0.0613338916700444,0.0370585324659286,0.038230597428849,0.0409610235242549,0.0504505269182825,0.086787779563585,0.105272868581621,0.0360050989825643,0.367524084494579,0.0123725931646208,0.384827452545855,0.0143224508854325
0.593556112709451,0.690962899350618,0.634374691433157,0.250506316527305,0.930532288561832,0.301661473305839,0.99256657995573,0.567987883932538,1,0.840701369435989,0.910372156790929,0.181594797630657,0.315706129348514,0.20708485583896,0.0571879224402495,0.0600282867465204,0.0361006041182429,0.0374312786701186,0.0400419539748796,0.0492900339243664,0.0874095689809864,0.10886784041477,0.0354816497226418,0.355433494388466,0.0120214321612745,0.381275431019708,0.013703539741511
0.61361387106703,0.711387846875193,0.661796983701635,0.248631458598464,0.944533028676534,0.302135594662607,0.997555425512083,0.584814603669751,0.999274657631303,0.867123532718796,0.891746483472739,0.201920647296877,0.302004660813158,0.201079666701433,0.0562761620995238,0.0586496273125909,0.0352023414816156,0.0366179066395594,0.0390778041939693,0.0481436629028496,0.0881846675689503,0.112830499609946,0.0351454154621292,0.343461514780088,0.0115368153608316,0.378012916305422,0.013083646483606
0.634967911875812,0.729773697538576,0.689912923676898,0.246412640395869,0.95690559562913,0.302626976796453,1,0.604302080086279,0.994641445549515,0.891229568685861,0.872718021218349,0.222272510184875,0.291074489502574,0.195678101980002,0.0554672828121968,0.0571976703764677,0.0343717922909563,0.0357955155849738,0.038076919510821,0.047006235265227,0.0890628352074808,0.117047597966628,0.0350425297662854,0.331680661261031,0.0109149548962915,0.374920531677239,0.0124719767818443
0.657408873622231,0.745667561307411,0.718495119537593,0.244232042215749,0.96762544842483,0.30314491518661,0.999764920428039,0.626377662091067,0.985403720794093,0.912464129624215,0.853711432130538,0.242418001935554,0.282988259419446,0.190915261077228,0.0547350894988466,0.0556796603072377,0.0336123397585726,0.0349697705894582,0.037050532535303,0.0458727902426411,0.0900055243069478,0.121418398666909,0.035205705392095,0.32016465524379,0.0101576354181035,0.371830353811315,0.0118763767235764
0.680696540817842,0.758664124113151,0.747286898107144,0.242680236615151,0.976696886448709,0.303668517652403,0.996783195248453,0.650876042355582,0.970930965478661,0.930340965516616,0.835055559134445,0.262199924156474,0.277546532495904,0.18680157821571,0.05404244911104,0.0541098180836414,0.0329227763649969,0.0341466886875109,0.0360118970961034,0.0447399149410697,0.0909903388371002,0.125864988637721,0.0356503422497054,0.308983957726366,0.00927201704132095,0.368541510627262,0.0113026166736073
0.704572054314543,0.768426464437438,0.77600802500452,0.242569208266193,0.984150730705228,0.304144327440744,0.991058968258072,0.677540527175748,0.950705144294226,0.944465510956187,0.816941907083272,0.281540089675439,0.274260647634633,0.183322018533159,0.0533464994967712,0.0525084652994154,0.0322977132634648,0.03333237367048,0.034975065412399,0.0436065575054396,0.0920136114996181,0.130337205444516,0.0363729764494639,0.298201930748572,0.00827030977897837,0.364840656717068,0.0107535897318051
0.728769745440093,0.774707786984504,0.804360707980201,0.24489990820144,0.990043242325927,0.304487272048105,0.982666459836299,0.706027700801527,0.924368241648642,0.954554102490559,0.799404791446832,0.300433324140829,0.27241341366423,0.180436546256451,0.052604785416811,0.0509008769879535,0.0317282824732172,0.0325327318597766,0.0339535026646744,0.0424742537574256,0.0930904693909012,0.13481207637744,0.0373523106527972,0.287871805788537,0.00716932486085332,0.360526347455099,0.0102288126921813
0.753027535100801,0.777373125751342,0.832035230886691,0.250760663247883,0.994456026427781,0.304585570948629,0.971744943892719,0.735914724583725,0.891769053645002,0.960448299205244,0.782331040617298,0.318930850372922,0.271188561541206,0.178081750901028,0.0517810258106956,0.0493158910462231,0.0312030632521885,0.0317531526103765,0.0329587764166461,0.04134684657502,0.0942519695580326,0.139288380976603,0.0385523115629308,0.278034546268695,0.00598994794027288,0.355435559913104,0.00972461653579607
0.77709522103056,0.77641983066596,0.858714636437463,0.261156077708635,0.997495978820371,0.304309855904337,0.958489916549923,0.766708754304005,0.853007124601229,0.962122914806218,0.765500982490264,0.337114294994331,0.269836439142621,0.176173661869075,0.050849495798625,0.047784216334125,0.0307091436582338,0.0309981594196495,0.0319995461334794,0.0402298885292434,0.0955392782214404,0.143777402463715,0.0399264049704387,0.268717612913076,0.00475669896850854,0.349469715869262,0.00923503526014478
0.80074033821564,0.771995439101831,0.884078013530446,0.276812406396235,0.999293856803236,0.303526338494971,0.943140971939654,0.797858335303228,0.808471468492615,0.959686690144407,0.748654776188734,0.355063961451349,0.267839246418386,0.174611841861257,0.0497975138878865,0.0463363476826791,0.0302332255339648,0.0302710699540226,0.0310810162528133,0.0391299434817166,0.0969954190674525,0.148291376349765,0.0414218001879474,0.259934543819091,0.00349789974389432,0.342616794885118,0.00875302523427353
0.823751558867593,0.764411322314062,0.907802148078849,0.298039797294978,1,0.302113489536473,0.925967253802095,0.828766964494239,0.758871345616085,0.953375101282325,0.731571419873963,0.372827115569305,0.265047134360691,0.173284766538137,0.0486259627825156,0.0450000700686823,0.0297627005654894,0.0295737371748209,0.0302049217094758,0.0380539337666112,0.0986557439119804,0.15283159979191,0.0429832634284212,0.251685107398335,0.00224872536336345,0.334965631783698,0.00827158689046693
0.845939793705274,0.754150233322767,0.92956155345554,0.324709781355501,0.999776169373577,0.299981442905028,0.90725160739388,0.858809146657254,0.705255654469814,0.943535621792592,0.714144069259964,0.390393046920548,0.26176212858837,0.172076332244527,0.0473480198101004,0.0437977205137172,0.0292866488358115,0.028906445165892,0.0293700079657314,0.0370085624468545,0.100538783311443,0.157378383432974,0.0445559821145726,0.243955600553026,0.00107455858501257,0.32670829550355,0.00778460251809402
0.867137296204432,0.741865489024822,0.94902719096492,0.356339063281752,0.998783337766968,0.297093228655062,0.88727463179335,0.887349162773643,0.64901590177045,0.93060676675246,0.696435427195585,0.407681058247069,0.25874264013298,0.170873163018119,0.0459864253248968,0.0427436148426509,0.0287967148236611,0.0282679897750184,0.028572871654334,0.0359997460918749,0.102639241747324,0.161884694209379,0.0460874225887891,0.236718731136781,0.000385046167016581,0.318126680100258,0.00728748686660258
0.887195193209335,0.728368962386415,0.965864505326336,0.39222149578762,0.997166356287794,0.293486940173882,0.866299730918039,0.913762456007633,0.591864287585155,0.915093289986525,0.678700433783898,0.424545240829891,0.257093346800457,0.169572234677603,0.0445697787672052,0.0418422376047732,0.0282877974361017,0.0276559242747406,0.027808970214575,0.03503198508607,0.104924475721546,0.166274436368521,0.0475282969269123,0.229932535513809,0.00107952505484355,0.309560567864396,0.00677780163144734
0.905979981210841,0.714604496179159,0.979731706598017,0.431552522174569,0.995037454231052,0.289297929107084,0.844560054327775,0.937459129668842,0.535772084871714,0.897540783256742,0.661369348497589,0.440796403501108,0.258015243056885,0.168088191687992,0.0431285135890598,0.0410878291612079,0.0277584743352758,0.0270669258730669,0.0270736114381729,0.0341076921637623,0.107334990182301,0.170445256237311,0.0488329047909952,0.223538010916442,0.00203943236059519,0.301357117680079,0.00625580871963688
0.923369616840895,0.701603292106574,0.990279471683084,0.473520097206388,0.992461203670717,0.284779889523202,0.82224797769244,0.957908620916566,0.482844248685311,0.87851339821286,0.64499182707844,0.456237693143366,0.262446860490499,0.166359612282448,0.0416912900053,0.040465796587446,0.0272110919364621,0.0264972262048008,0.0263627870494229,0.0332266309868985,0.109788647401497,0.174275013905288,0.0499591648776203,0.217455579559864,0.00292765203188112,0.293806402411551,0.0057247595962569
0.939249860792597,0.690419210673059,0.99715334181322,0.51736017905618,0.989443669635884,0.280322936900182,0.79950754398227,0.974664187478439,0.435099318517129,0.858578230439011,0.630151127673359,0.470707136071958,0.270720946270533,0.164353436109581,0.0402824828327147,0.0399559060955916,0.0266514959637144,0.0259430372144962,0.0256737752135191,0.0323856747864811,0.112187685557784,0.17763077234424,0.050868606638171,0.211581013727713,0.00369680107585824,0.287073667171102,0.00519068587642908
0.953511485917355,0.68204578185422,1,0.562383982251571,0.98592790697296,0.276465176017677,0.776430095270965,0.98738544052314,0.394136636091555,0.8382988744645,0.617365790466428,0.48411811526869,0.282402981900738,0.162066906926199,0.0389212027515794,0.0395366075667344,0.0260884340971049,0.0254009106217262,0.0250054722889759,0.0315790270481957,0.114427389440084,0.180379118000138,0.0515265067656459,0.205781887402919,0.00433103359357444,0.281144015764323,0.00466156268996204
0.966048833134034,0.677323326156191,0.99847829762753,0.607984218737949,0.98179688147753,0.273891699650921,0.753053175491171,0.995856844981012,0.360733970639176,0.818238730111847,0.607001211190979,0.496487975794304,0.296385127642788,0.15952674142805,0.0376219284381867,0.03918937438544,0.0255327055560941,0.0248679947231273,0.0243584316858266,0.0307988976233459,0.116405264762291,0.182396644867186,0.051902273207287,0.199895924911277,0.00482720451389346,0.275795540464419,0.00414594857550643
0.976760016215175,0.676852148224952,0.992275360587976,0.653625320497235,0.9768835793586,0.273412305153608,0.72936267250632,1,0.334528239978873,0.798971994912938,0.59921187781987,0.507945766082035,0.311153359715675,0.156785690856188,0.0363964460935537,0.0389018770076037,0.0249961523485513,0.0243421682651982,0.0237346140072764,0.0300364898673601,0.118029687398494,0.18357941552066,0.0519701232931576,0.193732772175697,0.00519282364184378,0.270610195009828,0.00365149588162612
0.98554887731336,0.680932151782052,0.981127373199923,0.698821284457975,0.970986887215337,0.275909085762596,0.705298095568928,0.999877697168947,0.313997132468872,0.781097358167274,0.593925106743575,0.518712929272294,0.325080871468139,0.153917013612055,0.0352564797713223,0.0386691712850451,0.0244905929097343,0.02382202988687,0.0231369000417085,0.0292831067842752,0.119227145486162,0.183850143076734,0.0517100697135727,0.187080703393806,0.00544625069554266,0.265020172564965,0.0031838427329156
0.992328617198111,0.689545978060692,0.964843785522742,0.743104847102655,0.963891062854348,0.282251508955888,0.680760839346911,0.995688253347366,0.296844768722692,0.765246903935345,0.590862326190472,0.529055893332478,0.336652259610495,0.151007534559862,0.0342162182463198,0.0384926700700406,0.0240268006723976,0.0233067339939261,0.0225684734772804,0.0285312471370249,0.119947409963498,0.183161984127461,0.0511091980830843,0.179719693672869,0.00561673637989507,0.258377307846294,0.00274617590844419
0.997026885856977,0.70239107124997,0.943332826364518,0.785992648202735,0.955386392093842,0.293191260997778,0.655625219441081,0.987749392665039,0.280647702578703,0.75208151851624,0.589581880343228,0.539216783091194,0.344599054654294,0.148149990993274,0.0332939551846849,0.0383772394048799,0.0236136246906079,0.0227957080583971,0.0220322167620571,0.0277756545267459,0.120166311522068,0.181498706395326,0.0501631604019432,0.17144240126526,0.00574307487398586,0.250029456392028,0.00233938347931574
0.999592015618543,0.718950866614625,0.916625462523926,0.826952090896604,0.945288871582296,0.309265054424927,0.629751930498677,0.976471962675801,0.263488399183908,0.742265194131141,0.589524397142384,0.549336466363834,0.347966510676428,0.145435358685608,0.0325122684958007,0.0383271529288814,0.0232573304153243,0.0222883295253792,0.0215302639542909,0.0270142795272048,0.119886190909763,0.178872423619644,0.0488777099552222,0.162085248989085,0.00586965293837709,0.23939166245323,0.00196254781062205
1,0.738584281552805,0.884894455790399,0.865376055010434,0.933457276792316,0.330736269221413,0.603003395254394,0.962324948567849,0.244397773796823,0.736414880578544,0.590048405741223,0.559389965138005,0.346137056907521,0.142945857257876,0.0318965204827907,0.0383417928176252,0.0229612104132734,0.0217836433377993,0.0210638181784043,0.0262490103714505,0.119134373481217,0.175320860012003,0.0472700068856448,0.151573395798988,0.00603916735107457,0.226008156508184,0.00161364705230507
0.998261761770849,0.760610548602655,0.848465035491777,0.900571048598283,0.919806531546786,0.357588638349634,0.575260310007728,0.945794463336878,0.223588627951595,0.735029974633164,0.590454799015095,0.569154656812926,0.33882842374434,0.140749311383928,0.0314718784945103,0.0384119672199791,0.0227254899144048,0.0212801741694849,0.02063327340325,0.0254859603025283,0.117960141928447,0.170905490133107,0.0453693935828411,0.139986668429782,0.00628308831478879,0.209610970494892,0.00129050634603718
0.994430201611536,0.784372127961207,0.807813999650076,0.93176272012244,0.904316711668202,0.389559764769905,0.546438599679446,0.927340462376577,0.202525857533965,0.738414404364388,0.590007241870342,0.578225275392888,0.32607642990472,0.138895412662899,0.0312594493178836,0.0385176117498178,0.0225475358886567,0.0207758674594063,0.020238592200736,0.0247351653511588,0.116430698218088,0.165710685465656,0.0432174149088932,0.127659308746943,0.00661345797265315,0.190193135333827,0.000992027084528502
0.988606449594193,0.809267548313872,0.763554858083455,0.958120183632554,0.887037233192759,0.426189152460842,0.516505992411481,0.907355715667772,0.183809829869571,0.746610795992124,0.58795783437364,0.586078578821229,0.308207075595625,0.137414148896073,0.0312723992761927,0.0386274459471664,0.022422359706509,0.0202681843915094,0.0198798121999095,0.0240096831639783,0.114626570010761,0.159843244319895,0.0408670383561967,0.115332481490598,0.00702011449013664,0.168136581737228,0.000719507252141879
0.980944635027833,0.834754568157064,0.7164080316556,0.978797860369549,0.868085865012296,0.466860485186505,0.485497530823641,0.886131948156933,0.170675613802599,0.759366201824253,0.583583462250245,0.592179239477291,0.285799781476964,0.136316295434763,0.0315130030172471,0.0387008122509153,0.0223433679982648,0.0197543488944701,0.0195575170426559,0.0233242019827699,0.112636842609192,0.153431598430488,0.038381255652897,0.104364498254973,0.0074743381188521,0.144486608343713,0.00047762946368116
0.971654355053164,0.86033022983109,0.667157190140726,0.992991087154192,0.847642323510573,0.510831189826384,0.453529579589665,0.86383783845574,0.165847874168964,0.776140848252172,0.576231424723505,0.596110972367603,0.259642601934304,0.135595518851371,0.0319713599438922,0.0386914788680028,0.022303269867035,0.0192316905097711,0.0192731219768894,0.0226933575230575,0.110554499803947,0.146624349576888,0.0358314111086985,0.0968897209016202,0.00793611529084332,0.121575299345908,0.000274599106629322
0.960999907734621,0.885497991754749,0.616595462244221,1,0.825936530128671,0.557252820364318,0.420812279654029,0.840512532856511,0.170083551049993,0.796158613523241,0.565366910825706,0.597713913650636,0.230680422161884,0.135231469283763,0.0326260412042014,0.0385527732126238,0.0222950168884463,0.0186979861508632,0.0190288764406265,0.0221300121734062,0.1084720622493,0.139588315797362,0.0332955937879761,0.0955017380048832,0.0083613708421914,0.104215016835204,0.000120995091978426
0.949295334821359,0.90973339677624,0.565468138601266,0.99929532536882,0.803232261957272,0.605189814258133,0.387660943861826,0.816076457317419,0.181672577681901,0.818486661649695,0.550612292934741,0.597208427682623,0.199958105175476,0.135193317372271,0.0334463204325248,0.0382431647563661,0.0223126552311895,0.0181517208528528,0.018827559640283,0.0216437513278659,0.10647764373432,0.132506644579481,0.0308571845930027,0.102013526284024,0.0087072333813356,0.100135329688781,2.72037224781154e-05
0.936894460401869,0.932458806437862,0.514421019200286,0.990579635853837,0.779807880711746,0.65364336791737,0.354507555266294,0.790358800472163,0.197489576587981,0.84212651076228,0.531769669423266,0.595283344875627,0.168561981153432,0.135443431650803,0.0343951834668605,0.037731432234367,0.0223520021868021,0.0175922481382743,0.0186719238086708,0.0212397988983789,0.104651518733402,0.125577656721925,0.0286031617448085,0.116253908249599,0.00893518869953253,0.114694140677636,0
0.92417545973584,0.953034800128508,0.463965034954117,0.973838173986698,0.755936874339227,0.701584231465077,0.321914101068315,0.763138662633387,0.214474185398933,0.866100192386963,0.508822602491475,0.593121081197419,0.137564808296798,0.135941050611307,0.0354322588943723,0.0370008271415673,0.0224110995629534,0.0170198761001356,0.018564003047613,0.020918472176611,0.10306330686885,0.119014917241154,0.0266211538938708,0.136498488123333,0.00901273486025354,0.144951501217196,3.97406395392408e-05
0.911520071083429,0.970771491205924,0.414467643668968,0.949374313481767,0.731871728658793,0.74799489872816,0.29058924303686,0.734195110714417,0.230487057158344,0.889520225140424,0.481918630602743,0.592325576673418,0.107981808039089,0.136645756457038,0.0365161456296545,0.0360520017848424,0.0224904235060448,0.0164359030496932,0.0185044372439682,0.020675211640312,0.101769900355501,0.113048285958753,0.024993833106891,0.160717885606421,0.00891418821501136,0.184861969082786,0.000139787104904523
0.899288346941084,0.984958309171575,0.366179776291539,0.917825941832365,0.707834789694218,0.791918771816738,0.261407041240433,0.703360616760939,0.244534693443177,0.91163768150925,0.451338832566736,0.594721613385413,0.0807510230845394,0.137520459817814,0.0376060766544361,0.0349046516059351,0.0225928422488312,0.0158425979563427,0.0184919563407756,0.0205011628751781,0.100814239300317,0.10792402834524,0.0237896994047973,0.187217835818342,0.00862110380567474,0.230119382530222,0.000288492556218893
0.887790706734665,0.994906941559584,0.31930503016625,0.880160418301593,0.684019000537769,0.832511691716714,0.235417643521622,0.670572622043263,0.256689157143235,0.931866935301444,0.417462997751239,0.602022634144056,0.0567694776198898,0.138533657034209,0.038663193547724,0.0335977493829278,0.0227233212567219,0.0152431073722473,0.0185231346949975,0.0203842520918597,0.100224952914519,0.103899984160807,0.0230512648420535,0.214701455643689,0.00812260210228488,0.278084553004834,0.000472441394580805
0.877259794712107,1,0.274118553177354,0.837647254235462,0.66059958104102,0.869089820699176,0.213820805888694,0.635918998918439,0.267878585479941,0.949788506134084,0.38073838526314,0.615426716234443,0.0370813674929088,0.139660891572734,0.0396518109307585,0.0321880845802585,0.0228883880065826,0.0146412900572269,0.0185924690505622,0.0203106546386892,0.10001677345393,0.101230985256081,0.0227846418665268,0.242171401235685,0.00741579538679544,0.326949488894828,0.000679257154250554
0.867825069457153,0.99973785336664,0.23115208621344,0.791809245481459,0.637755017954209,0.90116726775378,0.197847954704713,0.599674514216001,0.27958380988126,0.965133225544595,0.34165734118078,0.635268116927078,0.0234671495259275,0.140885460507412,0.0405409535191336,0.0307467870784756,0.0230953877044791,0.0140415181131416,0.0186927743115682,0.0202665066217128,0.100191574976131,0.100142141295968,0.0229560067037567,0.268843022811192,0.00650651054723213,0.375281055146566,0.000899141022793945
0.859493053248517,0.993777603218428,0.191484100757983,0.744354396441349,0.615692671768194,0.928477135818041,0.188503050044173,0.562326450589666,0.293443870474619,0.977752211636777,0.300745565241036,0.660860469955592,0.018657149942687,0.142198386970099,0.041306244912346,0.0293537289589441,0.0233515883324864,0.0134485127635766,0.0188158466204928,0.0202396577732442,0.100739928968288,0.100793842486511,0.0234976397876906,0.294092940720912,0.00541074243420325,0.421825724546672,0.00112522461423899
0.852135759568517,0.981960563016245,0.157190938152777,0.697092524293126,0.594671673259559,0.950970979779801,0.186213129996072,0.524587732725073,0.310820074804868,0.98757806954597,0.258559895613696,0.690585060609342,0.0212446513910129,0.14359761719134,0.0419320151629771,0.0280901608353309,0.0236632309158531,0.0128672839642158,0.0189533213586066,0.0202211905674534,0.101643151612623,0.103249675817691,0.0243207408032391,0.317432810425382,0.00415840758062058,0.465435575431797,0.00135323294844306
0.845489090733638,0.964326986880113,0.131852231486633,0.651841789790673,0.575014359258199,0.968794145644337,0.190605066984074,0.487394718646513,0.332437261351413,0.994583299243429,0.2156930044589,0.722162446153998,0.0255111844717201,0.14508640755925,0.0424133438635412,0.0270305723581226,0.0240346601875379,0.0123032051836336,0.0190976498631646,0.0202063722619888,0.102875849494769,0.107460890644939,0.0253290408401134,0.33849692350375,0.00280711094679407,0.505049789005641,0.00158096096172691
0.839162092422736,0.941118608669576,0.120100032066598,0.610331354100008,0.557097946167367,0.982238122039436,0.200614041405984,0.451883830759625,0.35822732294715,0.998741950199494,0.172783220932138,0.752988913832897,0.0285726227774667,0.146670992894334,0.0427576875876678,0.0262353620092817,0.0244676880643484,0.0117621850898351,0.0192431184913678,0.0201947695521702,0.104408902609453,0.113274246040136,0.02642863712501,0.357036237413741,0.00152169493549343,0.539703142463228,0.00180788489523567
0.83265700133837,0.912770613569509,0.124375903372606,0.574106617956664,0.541321114521947,0.991675544349159,0.214848472606093,0.419336480152823,0.387407458527564,1,0.130533225443948,0.780441956168161,0.0297715736594347,0.148357851724538,0.0429857167202143,0.0257460510149651,0.0249613152611628,0.0112508289161309,0.0193868191215356,0.0201894735205995,0.10621268460261,0.120458030305059,0.0275328686146235,0.372914526774335,0.00108706978663651,0.56854818330411,0.00203498322156889
0.825399125453209,0.879895070993821,0.141777100140795,0.544442830320389,0.528046193541388,0.997488006392558,0.231944303902839,0.391077439332064,0.418711218815781,0.998258719817461,0.0897626044394579,0.80211343352107,0.0291922322252652,0.150151114283395,0.0431309690259195,0.0255841039698408,0.0255118650463376,0.0107764524168717,0.0195294421269451,0.0201956474409691,0.108260184981271,0.12873341863923,0.0285633801276094,0.386104129603603,0.00213444776690274,0.590883886136585,0.00226463077871381
0.816774808058021,0.843257846215752,0.166582499457509,0.5222714472715,0.517526233286844,1,0.250751647895554,0.368315094040148,0.45065258533218,0.993373508096769,0.051623737893622,0.815969828305872,0.0271655250347866,0.152050750273186,0.0432379756604124,0.0257531096441591,0.026113492558752,0.0103468321843241,0.0196757215074686,0.0202187935562537,0.110529629764084,0.137799706592835,0.0294491370790622,0.396679661134603,0.00355825410450056,0.606186242942565,0.00250034893822544
0.806175067241151,0.803750841345796,0.193969790755122,0.508122445776129,0.509834818498688,0.999432604801438,0.270372910798313,0.351934862761916,0.481743850154538,0.98516856854456,0.0189041595758883,0.820455108003905,0.024104860812024,0.154052026268776,0.0433587552418234,0.0262429675970408,0.0267589573372166,0.00996963118356336,0.0198343705770065,0.0202631958765067,0.11300622026841,0.147348478049563,0.0301248313340142,0.404808549581566,0.00495768157391533,0.614137487217383,0.00274627482460902
0.793041987843552,0.762361287824354,0.22077883038741,0.502086148441538,0.504820315959457,0.995887057876786,0.290129241901647,0.342302781351931,0.510644384595836,0.973465768581426,0.0053286958560782,0.814552414374671,0.0204389071383481,0.156146388685526,0.0435480053806187,0.0270345057509237,0.0274405106368749,0.00965151938469154,0.0200174445628515,0.0203309549868253,0.115682723002205,0.157067931809428,0.0305295885633473,0.410737634141063,0.00620722905146137,0.614651363874005,0.00300638677346107
0.776914618192738,0.720139747461672,0.245018742931148,0.503799914783365,0.502101352788391,0.989361484866606,0.309510161701189,0.339174093601436,0.536249575518204,0.958124453677978,0.0229579631829177,0.79781643191739,0.0165811812752537,0.158323581366171,0.0438577507027477,0.0281034495730982,0.0281507581374266,0.00939712977484007,0.0202392192933885,0.0204219127267534,0.118558831790551,0.166642261521809,0.0306064469170889,0.414775531020408,0.00722500789094795,0.607892520360203,0.00328366975967266
0.757471054460186,0.678168280851051,0.265423737289909,0.512465717114882,0.501107327558528,0.979795865692191,0.328130156939318,0.341775657018023,0.557737100147062,0.939088184016322,0.0464420751293315,0.770384239764923,0.0129198183225226,0.160574565956549,0.0443324205521579,0.0294232736979882,0.0288833981214684,0.00920813581382283,0.0205147971066182,0.0205345791427641,0.121639449898083,0.175752182973569,0.0303027724431858,0.417271087106752,0.0079436459074541,0.594288841766205,0.0035794422213834
0.734563616210344,0.637529550926348,0.281218748004974,0.526901286630927,0.501152807417073,0.967133535939403,0.345698187976144,0.349035522080176,0.574584458782656,0.916434318172433,0.067483200966092,0.732970430422045,0.00981806825292951,0.162894670168393,0.0450052714334311,0.030966905457721,0.0296337814947821,0.00908282200992678,0.0208586906999041,0.0206679308672672,0.124932244140827,0.18408150275992,0.0295715701512095,0.418588990113027,0.00830740150766253,0.574536293871867,0.00389300813241108
0.708244488467615,0.599276147651005,0.292012295627909,0.545620942460926,0.501525329882663,0.951384467466585,0.361998843282795,0.359851103364691,0.586566463096097,0.890422825444035,0.084634706880089,0.686852441797009,0.00759545039527876,0.165286353482281,0.0458967742683375,0.0327075393694688,0.0303992764983478,0.00901644398924244,0.0212836052327395,0.0208236820867857,0.128444940884317,0.191331543330521,0.0283734966188461,0.419084395128009,0.0082745438968531,0.549596499828919,0.00422172372113935
0.678779816303331,0.564397311134818,0.297749924967056,0.56693661221528,0.501565963608014,0.932676869912174,0.376881788988989,0.373290855066988,0.593737525066936,0.861541161369724,0.0975804245122356,0.633853796631067,0.00641566548034602,0.167761128639084,0.0470151168989313,0.0346189690253392,0.0311794429765727,0.00900244111066902,0.0217995722460718,0.0210083986428424,0.132182835419234,0.197241942303003,0.0266792674541736,0.419079081852145,0.00782154561077673,0.520687690440989,0.00456152278528156
0.646650835280492,0.533778495353461,0.298693438815973,0.58906800813622,0.500728926560781,0.911288088743075,0.390256077693627,0.388686909720088,0.596401472256859,0.830541841553257,0.106431040960504,0.576334711351685,0.00611112284698375,0.170340462943724,0.0483584658231201,0.0366758148266902,0.0319760318695946,0.0090343031876355,0.022413507820106,0.021234725488715,0.136146893547169,0.201614271378549,0.0244720958675322,0.418841945938181,0.00694915462409064,0.489269273104641,0.00490786090947036
0.612541053808028,0.508149712427033,0.295408836976955,0.610252718360773,0.49861577175923,0.887651147842785,0.402086495481248,0.405631511610538,0.595070740079458,0.79846778085801,0.111606160120218,0.517197526821308,0.00625667600204597,0.173055696121487,0.0499182664682007,0.0388538577860519,0.0327928332320062,0.00910773510663061,0.0231291831576577,0.0215211341035071,0.140332678942921,0.204334091646592,0.0217498163720921,0.418576356938762,0.00569429656396412,0.457017922216385,0.00525685924968307
0.577308670104455,0.488023312441327,0.288753146069083,0.628849488911535,0.494987124844855,0.862337772932713,0.41238992303457,0.423911880979298,0.590416670620635,0.766656868745828,0.113819551452589,0.459898532207969,0.00647206499949631,0.175947047686838,0.0516827280906492,0.0411304897245032,0.0336354071561311,0.00922272664460471,0.0239475192857596,0.0218900013194147,0.144730161668046,0.205387139270155,0.0185264687531295,0.418416025627976,0.00416786657279908,0.425787166700949,0.00560629265488773
0.541943318007551,0.473630914917371,0.279851067754794,0.64342953962784,0.489758967541072,0.836021652096212,0.421230448920092,0.443417555561714,0.583212969081713,0.736711536606194,0.114079878702947,0.408404144403582,0.00655625335253895,0.179061775328698,0.0536397103842796,0.0434851642991271,0.0345107440178812,0.00938514965020363,0.0248670670580049,0.0223643796111095,0.149324270834342,0.204866434355706,0.0148334661311422,0.418429672897453,0.00273212559777589,0.397531989679132,0.00595615007300838
0.507506105872385,0.464878464369561,0.270048435871912,0.652851351971443,0.482991002945845,0.809427289384496,0.428712625414699,0.464046738473995,0.574274986731614,0.710413131595473,0.113662297637818,0.366907751624568,0.00644774563980163,0.182451634120151,0.0557784531574755,0.045899711193542,0.0354269034183459,0.00960751354937845,0.0258845285516788,0.0229642843362495,0.154095900305066,0.20296892271934,0.0107216924658841,0.418633327908548,0.00256098104039223,0.374169060772464,0.0063087212588878
0.475052331252872,0.461340145910408,0.260823298888699,0.656314747043595,0.474872483180533,0.783270646280504,0.434972796307903,0.485630236468589,0.564398396383365,0.68956077890735,0.113997763460107,0.339000163747157,0.0061601436722915,0.186169941742728,0.058089942151527,0.0483584145770053,0.0363926660656799,0.00990852895392533,0.0269952162433782,0.0237035127355272,0.159023017216632,0.199981892943892,0.00627254512827443,0.419007882263545,0.00423405501243103,0.357348681972758,0.00666832353443194
0.445538398593075,0.462301432888312,0.253634486012616,0.6533909349254,0.465707219831652,0.758198274184289,0.44016886337207,0.50788389961708,0.554301960892287,0.675730481197582,0.116433573763206,0.326250990300302,0.00573835723105785,0.19026862266837,0.0605661123621618,0.0508478150945227,0.0374172007924418,0.0103112549282068,0.0281934065357851,0.0245878414712294,0.164081581186241,0.196260388488486,0.00170169257181184,0.419518858213599,0.00664166459517001,0.348163399050944,0.00704080845771601
0.419719860242346,0.466843729872398,0.24970658720484,0.644026850593164,0.455895953692643,0.734731932980261,0.444469187553069,0.5303929527248,0.544580122770639,0.669989352024506,0.121899054414941,0.327121855597531,0.00523306447110538,0.194795504425161,0.0631983957881229,0.0533562710102845,0.0385097159053278,0.0108399490281645,0.0294725952269824,0.0256149726831835,0.169246140786195,0.192197483404468,0,0.420135344932726,0.00923779349751472,0.346906693103375,0.00743293986335626
0.398056444361868,0.473949516069074,0.249798903775369,0.628524337521527,0.445912358088466,0.713225518850539,0.448041516161737,0.552625077247647,0.535671344156256,0.672648062134669,0.130643467755561,0.337485251083819,0.00468736835376017,0.19979196904125,0.0659761878050989,0.0558734007362515,0.0396790512414626,0.0115162554265767,0.0308256928124964,0.0267759968551828,0.174490175334256,0.188190104658884,0.00454091063599746,0.420845687718956,0.0118126585348874,0.353035419982039,0.00785167081302059
0.380648759513533,0.482604918029703,0.25405647849275,0.60749713291531,0.436269224697761,0.693840024169949,0.451042860711531,0.573964765074176,0.527846774329545,0.683150637146373,0.142224157946396,0.352406796408821,0.00413256622612108,0.205290986737572,0.0688856594410962,0.0583895770896898,0.0409331818574316,0.012355747370773,0.0322452084094408,0.0280576752385979,0.17978641079962,0.184604168122347,0.00974482729539936,0.421668523545815,0.0142406513839911,0.365385902877497,0.00830332093843054
0.367231803686236,0.491883573336067,0.262028754906579,0.58181062299498,0.427473451590385,0.676539910147301,0.453611120860056,0.593759857377993,0.52122073154397,0.700152100722153,0.155731868973412,0.367653154816955,0.00359125774264195,0.211315626314931,0.0719091311540352,0.0608956153949193,0.042278635444756,0.0133657342645154,0.0337234616640292,0.02944470927399,0.185107396081441,0.181743832983801,0.0150328569727568,0.422658732975534,0.0164313051728023,0.382522422899022,0.00879270237125145
0.357235717421726,0.501004068537735,0.272847998407843,0.552510584827807,0.419971949859137,0.66111091221386,0.45585899468544,0.611371842430924,0.5157802997657,0.721747477284691,0.170078432006047,0.380280315730401,0.00308552462923906,0.217878237319803,0.0750250700125782,0.0633827180007586,0.0437198599779482,0.0145446586097904,0.0352528309420738,0.0309213727413974,0.190426561696722,0.179830034611302,0.0202849786984988,0.423908511837127,0.0183202835899099,0.403041997601006,0.0093223174556302
0.349899061677414,0.509358761567745,0.285470358887371,0.520747444432106,0.414095146729368,0.647195742620352,0.457870390432844,0.626223393035993,0.511427341322443,0.745758843580118,0.184209296862588,0.388639301754598,0.00264654302723933,0.224980484917605,0.0782086920337385,0.0658426639550464,0.0452586093268595,0.015882762981739,0.0368260039335436,0.0324722831422819,0.195719803907757,0.178992333693895,0.0254241006194759,0.425544012456115,0.019868377194008,0.425745464486279,0.00989178059251774
0.344400347132974,0.516514945791643,0.298878669191377,0.487702000458355,0.410009001895538,0.634341458707,0.459699225287224,0.637838809551419,0.50802374081212,0.769994638158249,0.197216107430601,0.392212756029767,0.0023198911089009,0.23261428795065,0.0814330922367301,0.0682681897100886,0.0468934359300869,0.0173634113386364,0.0384361650830662,0.0340824764419559,0.200967370161329,0.179275198567625,0.0303871563590873,0.427718033467475,0.0210615380299223,0.449686044197107,0.0104976020208235
0.339972404784532,0.522192214711119,0.312203580161231,0.454517287575984,0.407687812185627,0.622051171861421,0.461370234851059,0.645874919223553,0.505430473512314,0.792440255329409,0.208380952054006,0.39146625849888,0.00215823512173246,0.240763620254094,0.0846707513767585,0.0706534726685413,0.0486193796534939,0.0189645486552046,0.040077054280742,0.0357371734543766,0.206155561536921,0.180655970415816,0.0351197486521963,0.430599296264513,0.021909986207111,0.474146396547392,0.0111334475269382
0.335978899031261,0.526223162666166,0.324770811174446,0.422239603621511,0.406916517194112,0.60983337710109,0.462881272576193,0.650141368294226,0.503533092533918,0.8113789348641,0.217185390325834,0.387745771786378,0.00219685355642923,0.249407130632979,0.0878952127623956,0.0729945799669106,0.0504279153939739,0.0206600526371316,0.0417428705853281,0.0374216406287163,0.21127768956,0.183068718667475,0.0395744825295517,0.434359120568728,0.022445800500064,0.498588618093951,0.0117909313727173
0.331950208139225,0.528507111393031,0.336100809151573,0.391770119553935,0.407323366934737,0.597243983909059,0.464206556264509,0.650610152478734,0.502249795930241,0.825459800840346,0.223303475137736,0.383182013321704,0.00242774891745953,0.258521427517148,0.0910827278241492,0.0752897132893586,0.052307179926364,0.022420958169066,0.043428053988184,0.0391213993581833,0.216333941827036,0.186427437384901,0.0437102925307959,0.439156790032997,0.0227190151814249,0.52260287735057,0.012460895961787
0.327587331729406,0.528967094898547,0.345884364612495,0.363827394816611,0.408435246695885,0.583918354030865,0.465300401594257,0.64741477041959,0.501522365285396,0.833730731911787,0.226587322640583,0.380517903959385,0.00280059540874414,0.268084553908589,0.0942137049424994,0.077539139372939,0.0542424598199236,0.0242166456130967,0.0451270195889724,0.0408228279629841,0.221330224088768,0.190643685302271,0.0474922729735654,0.445125351420378,0.0227927192963898,0.545865730459714,0.0131350329481176
0.322745791342184,0.527518465413559,0.35394933253992,0.338920911453407,0.409742792508895,0.569592629035831,0.466101142814932,0.640839691401748,0.501293954306752,0.835647894788111,0.227048467747384,0.382752244970239,0.00324899937523172,0.278078870010345,0.0972738169198059,0.0797448342536002,0.0562168976935282,0.0260160977135222,0.0468339195032994,0.0425140343279486,0.22627641521578,0.195636679888078,0.0508918807481685,0.452359719881368,0.0227381438338803,0.568110908535215,0.0138076280650127
0.317409723227186,0.524053779497415,0.360226688451226,0.317336481686703,0.410762396040794,0.554114996120158,0.466535118193852,0.631301059091063,0.50148027311418,0.831067752705199,0.224836171231231,0.392553884555816,0.00371558041149921,0.288492553480326,0.100254650817526,0.0819099531451005,0.0582123633620295,0.0277892870055305,0.0485424788774552,0.0441858065175822,0.231184623674271,0.201336509664482,0.0538873774559816,0.460908612881621,0.0226311555297521,0.589111575021618,0.0144771412117642
0.311662887725647,0.518444265340931,0.364719897413828,0.299135526903022,0.411085925249836,0.537448241099866,0.466520714293178,0.619319839854462,0.501941848035415,0.820223370964976,0.220213211636118,0.411598713746551,0.0041642304890805,0.299319243242924,0.103153837279512,0.084038198004817,0.060210436383167,0.0295086879871439,0.0502459193881633,0.0458324541968601,0.236067951011894,0.207682609250357,0.0564642987671921,0.470771099388734,0.0225516738716195,0.608671703746626,0.0151472998505062
0.305660095283056,0.510554467093936,0.367479246731189,0.284170552623734,0.410413770499395,0.519665102714642,0.465972481469623,0.605489023502775,0.50246461051467,0.803684912889902,0.213529561971205,0.440171374001337,0.00458369331028376,0.310555778103355,0.105974636003828,0.0861331152660208,0.0621934544208818,0.0311508416182013,0.0519369632530179,0.0474523890515031,0.24094000457313,0.214619916376924,0.0586156835003204,0.481897699956074,0.0225868622843766,0.626623996413542,0.0158274473457073
0.299600308648358,0.500264573689841,0.368581568084725,0.272117424369983,0.408570670871885,0.500937757554212,0.464805279128678,0.590436975647437,0.502754144922522,0.782303831268374,0.205194339830758,0.477262761197343,0.00498697470367294,0.322198272699315,0.108724979381466,0.0881974338792409,0.0641455899921443,0.0326978557398742,0.0536079089959312,0.0490483357090285,0.245815031973606,0.222094671536188,0.0603418164910992,0.494195297159051,0.0228371577083288,0.642831931699964,0.0165320108340518
0.293701529933811,0.487494749357713,0.368115147092605,0.262521306269707,0.405506113207304,0.481522404957317,0.462938334839347,0.574789556890569,0.502445925097936,0.757140951306913,0.195646448764555,0.521034205293064,0.0054072388849939,0.334236877741896,0.111416041460908,0.0902326538933283,0.0660539097566154,0.0341387074488031,0.05525079015277,0.0506271162998516,0.250708230522928,0.230051100204819,0.0616493660651622,0.507534767473754,0.0234214768748931,0.657193859315616,0.017279048093753
0.288177379028453,0.472227047998043,0.366169334261006,0.254849245163881,0.401282278460858,0.461739535727573,0.460299044471741,0.559134048973835,0.501130567908742,0.729380122932075,0.185324470267359,0.569329966078225,0.00588901283080025,0.34664971841487,0.114060500488153,0.092239055678136,0.0679093295032368,0.0354702095136402,0.0568576591867483,0.0521990090909328,0.255635729736936,0.238429508172597,0.0625500276864605,0.521760167513281,0.0244757131272069,0.669647460182786,0.0180878964308964
0.283215759862425,0.454522365246309,0.362828294531439,0.248540882261412,0.396053014739228,0.441950189826441,0.456826315472429,0.54398808310696,0.498390381916563,0.700231294538645,0.17463674600288,0.620035687747495,0.00647472185548045,0.35939686793599,0.116670730356721,0.0942161296342545,0.0697073158149561,0.0366975154959609,0.0584210477120735,0.0537767416200257,0.260613994784387,0.247165745588807,0.0630590673426134,0.53669835297481,0.0261398494937485,0.68017331739717,0.0189760635773256
0.278960827419962,0.434531603324408,0.358168356628669,0.243050620408553,0.390037359180566,0.422528466901242,0.452473258649845,0.529776440348095,0.493841871584053,0.670829712518691,0.163933292950222,0.671261371419009,0.00719009468254076,0.372415543957,0.11925715338485,0.09616327649054,0.0714481582531811,0.0378340846030217,0.0599346112040172,0.0553742401784326,0.265658733448835,0.256191610219415,0.0631944003493186,0.552168038083638,0.0285356733392671,0.68879669923513,0.0199557297730666
0.27550014449975,0.412501439863013,0.35225845788143,0.237878448711629,0.383490796214371,0.403830880822892,0.447209059412772,0.516817640346711,0.487178474663981,0.642141210986098,0.153482161230294,0.721407651242209,0.0080344370371869,0.38561765451606,0.121826936794232,0.0980805904831761,0.0731367061644052,0.038901091177459,0.0613938803606427,0.0570053002427757,0.270783574476957,0.265435609974397,0.0629769722995049,0.567987574549834,0.0317452316552073,0.695586939374128,0.0210305101581955
0.272858989115213,0.388775776274602,0.345163170769464,0.232590288914975,0.376676915988002,0.386163935258241,0.441019910303909,0.505320697738585,0.478208352744557,0.614886275528875,0.143453752890311,0.769173287766989,0.0089795584461601,0.39889038370123,0.1243831507125,0.0999695833039567,0.0747816202822181,0.039926299455858,0.0627969571365529,0.058682337606836,0.275998785364852,0.274823643365624,0.062433205338899,0.58398113312454,0.0358009628533767,0.700654064416085,0.0221932924701961
0.271002983730262,0.363794141071475,0.33694773056971,0.226830753426417,0.369841658513015,0.36975248765488,0.433908963169056,0.495390630386069,0.466883071665454,0.589496032885311,0.133916831541909,0.813538658382943,0.00997593349843153,0.412099959166902,0.126924448997669,0.101833781300598,0.0763943280732677,0.0409424251690635,0.0641449620798592,0.0604153326435559,0.281310217882161,0.28427953845183,0.0616001355421812,0.599983389845209,0.0406900143131387,0.704142588074057,0.0234258635848009
0.26984869542753,0.338088040397397,0.32768437544207,0.220331487787825,0.363191965120097,0.354712741078218,0.425895347812161,0.487039804209962,0.45331413027948,0.566109773173056,0.124848770010742,0.853741664440552,0.0109617294829017,0.425098258958636,0.129445305138694,0.103679203844011,0.0779878906993649,0.0419850193933978,0.0654420863256686,0.0622110278642148,0.286718605991381,0.293725742063293,0.0605335848598419,0.615843126461815,0.0463668497295441,0.706222661876304,0.0247006532605337
0.269280108845764,0.312275467204934,0.317459193403543,0.212917465739425,0.35688028309136,0.341034436428616,0.417012390135335,0.480201555095157,0.437775300007536,0.544615698318807,0.116159858021149,0.889252549681338,0.0118712025034946,0.437731547827553,0.131936842879579,0.105514777765363,0.0795758865347181,0.0430899737936269,0.0666952069099139,0.0640724033319057,0.29221931698714,0.303084474879159,0.0593192120719282,0.631426278630641,0.0527669712535836,0.707079081157399,0.0259844222109244
0.269167547651759,0.287052430923047,0.306378576323873,0.204512427004065,0.350995834966787,0.328576309020506,0.40730524196297,0.474743010920946,0.420689572669092,0.524726512100004,0.107728105119525,0.919749691915079,0.0126411361332182,0.449850393628858,0.134388321995133,0.107352733056841,0.0811712901383411,0.0442908430508281,0.0679131329329115,0.0659984276458921,0.297802648855959,0.312279424500686,0.0580853655212637,0.646618881416881,0.0598179540602943,0.706899012704174,0.0272433344937468
0.26938517526934,0.263178207020456,0.294574332774365,0.19514352454644,0.345562853685606,0.317076807733261,0.3968282010817,0.470475449692112,0.402600327893446,0.506073344261131,0.0994385101295444,0.945096673987834,0.0132153849123846,0.461319707430271,0.136789309190058,0.109208965253629,0.0827852864598025,0.0456162632130579,0.0691056156373505,0.0679840562185951,0.303454744871171,0.321237862891776,0.0570149356501085,0.661330095293539,0.0674471015388182,0.70585964425949,0.0284486350361922
0.269823723870995,0.241447795867895,0.282206530476502,0.18494429644896,0.340545209500597,0.306178941702444,0.385642037861579,0.467162286171133,0.384127428273536,0.48829883859633,0.0912204016084847,0.965320282041952,0.0135479911698058,0.472027914368059,0.139132419420491,0.111103276915212,0.084426037468959,0.0470877699465097,0.0702822737210042,0.0700204300224997,0.30915914410737,0.329893070433584,0.0563505644723444,0.675495147732301,0.0755862681581883,0.704117152503934,0.029581955995192
0.270396337610392,0.222641637643043,0.269463243957514,0.174154206365681,0.335856169452508,0.295465123745755,0.373811638889566,0.464526195623161,0.365910692373911,0.471133552499395,0.0830780457933703,0.980588826056372,0.0136052760503748,0.481894503537904,0.141416273029287,0.11305935719426,0.0860975464077423,0.0487182582772434,0.0714515798227742,0.0720952282835916,0.314898911531482,0.338186964938514,0.0563844116742497,0.689077758965115,0.0841744506695963,0.701798433449557,0.0306390858321005
0.271036995799179,0.207442844420766,0.256556583081103,0.163112020190935,0.331371570579616,0.284496250851077,0.361404223377713,0.462257482286772,0.348545851768368,0.454446629881839,0.07511193913115,0.991190101582253,0.0133671284091549,0.49087550008192,0.143648100795787,0.11510433840645,0.0877988449750827,0.0505111863167834,0.0726200397968262,0.0741931501518008,0.32065921722785,0.346072755251944,0.0574239210067077,0.702071571151845,0.0931585084254136,0.698996883665896,0.0316311506802338
0.271692563720294,0.196323742597049,0.243714678641969,0.152239078015704,0.326944536155884,0.272849492589334,0.348488290539828,0.460025469466356,0.332521508037375,0.438268627290226,0.0675292515401518,0.997508376229372,0.0128275714694424,0.498966611651754,0.145845384201117,0.117267789305106,0.0895237074059484,0.0524604796023957,0.0737916707867287,0.0762965288313231,0.326430177079054,0.353517360805448,0.0597346741874969,0.71450025858231,0.102492276877171,0.695773039301902,0.0325827907651274
0.272310850509202,0.18943052900604,0.231169726245749,0.142007357089523,0.322420023377349,0.26015091682928,0.335133335206128,0.457493671607139,0.318168685025131,0.422789154585191,0.0606400777616472,1,0.0119946248205456,0.50620396107963,0.148036087682216,0.119580070656565,0.091260995697287,0.0545510152082492,0.0749678462185697,0.0783860958487749,0.33220972325733,0.360503403383362,0.0634799284204399,0.726416209017039,0.112134416768884,0.69216012652115,0.033527773400011
0.272827929442663,0.186521376011422,0.219142788990563,0.132887469703996,0.317647885633574,0.246101270734872,0.321410256903864,0.454338259065511,0.305635200592134,0.408334157979041,0.0548308391766316,0.999167607115793,0.0108895076881038,0.512662530632049,0.150257335138299,0.122070071867601,0.092995626650585,0.0567595640068526,0.0761475347388106,0.0804419015145481,0.338006225227457,0.367030769202113,0.0686870392783869,0.737897781941769,0.122045432703513,0.688173827107117,0.0345030701750816
0.273158200042353,0.187003851683424,0.207826853838727,0.125276401493149,0.312493639027166,0.23049520951985,0.307392310982457,0.450268284408262,0.294893130810162,0.395327970370179,0.0505010098149171,0.995533375610921,0.0095453266168543,0.518452667338362,0.152552666487874,0.124762442922966,0.094710067445371,0.0590560990472774,0.0773279194561393,0.0824443603854659,0.343840526681138,0.373117879928147,0.0752563160822493,0.749045140089996,0.132184281154685,0.683825034534186,0.0355425774513058
0.273190127284007,0.190062626783207,0.197370518807585,0.119416767793691,0.30684660842772,0.213235778308396,0.29315640886896,0.445045566707771,0.285779007769315,0.384244885565182,0.0479574428391087,0.989612374142299,0.00800553697163591,0.523715116260141,0.154968203781705,0.127674535497636,0.096386214719878,0.0614054006479198,0.0785053314934155,0.0843753413587764,0.349747037023576,0.3788027679327,0.0830001394810728,0.759974583413077,0.142504881188436,0.679134082802287,0.0366715376837194
0.27278937235108,0.194816596412736,0.187865359926998,0.115335148655292,0.300625491985684,0.19434727772745,0.278784542869413,0.438502071402692,0.278056244410501,0.375555060748726,0.047296542657492,0.981887538795668,0.00632273357627149,0.528615027555216,0.157548162427186,0.130813375748936,0.098007481594812,0.0637688961537618,0.0796763622269257,0.0862191944725358,0.35577355942982,0.384143902182404,0.0916879112782072,0.770811271736069,0.152952692011401,0.674144790267292,0.0379025076238005
0.271809449770779,0.200444168443987,0.179340047956039,0.112831829363072,0.293781586972553,0.173991532197963,0.264365068608106,0.430552959568191,0.271482476610346,0.369670511170811,0.0483451685688489,0.972788147061683,0.00455911345663218,0.53333525603859,0.160330194162111,0.13417309086948,0.0995609014948723,0.0661066643029587,0.0808389544810443,0.0879636335729113,0.361979634736861,0.389220637752275,0.101080696194068,0.781680273974576,0.163461362988035,0.668936616356065,0.039233523620982
0.270108522052012,0.206253005640948,0.171763286269948,0.11153404914328,0.286299989509983,0.15249646435524,0.249993540798125,0.421204023790081,0.265864116874048,0.366898353404169,0.0507092166291531,0.962673669495237,0.00279317704589772,0.53806907623181,0.163341063632511,0.137733273597444,0.101039049205216,0.0683795093248039,0.0819932498733037,0.0896004660571472,0.36843329414176,0.394133210457543,0.110952180584616,0.792696069954755,0.173949341865379,0.663633297241351,0.0406489211749824
0.2675698248378,0.211703455491049,0.165055654800819,0.110990485853575,0.278199074765481,0.130414600633526,0.235772809628877,0.410552807481534,0.261085765805602,0.367408830794575,0.0538944801114356,0.951824516209393,0.00115412109537083,0.543012234732887,0.166593131261049,0.141458739243581,0.102441572830001,0.0705509758303795,0.0831420095424472,0.0911262212797076,0.375206273045041,0.399002246006095,0.121099119943819,0.803950909639916,0.184316305244576,0.658406560359007,0.0421228993851543
0.264122683491264,0.216405618962852,0.159108082909116,0.110766568029421,0.269528538847371,0.108647674232426,0.221812174765986,0.398783211275931,0.257110182637121,0.371223483181104,0.0574209584607727,0.940440474994173,0,0.548354162959669,0.170082019465712,0.145300938276977,0.103776139011764,0.0725891574893766,0.0842905258850943,0.0925427250093781,0.382367979729414,0.403967684379023,0.131345301173536,0.815502667032713,0.194439368902279,0.653473918039166,0.043625234762953
0.259761107708222,0.220106191091769,0.153802882545204,0.110510756819595,0.260366264739208,0.0887013655498633,0.20822554346619,0.386153783842328,0.253952385859361,0.378224000495499,0.0608875260045962,0.928646676934081,0.000130380618822308,0.554268282238837,0.173785672746326,0.149200948761686,0.105058645367764,0.0744681734123368,0.0854460689661058,0.0938575960499003,0.389978749659725,0.409186839506446,0.141541822002073,0.827362911426647,0.204169211492842,0.649090074055006,0.0451277482638066
0.254557331341903,0.222673918502804,0.149032763783091,0.109984436452402,0.250814255024614,0.0730913098747689,0.195128692052988,0.372980199787273,0.251637543497435,0.388176846259736,0.0639916089759781,0.916505921870555,0.00119147414784195,0.560901669311074,0.17766481947448,0.153093635944789,0.106312654837415,0.0761692358487459,0.0866170077540134,0.0950845527035722,0.398083005041629,0.414831132321379,0.151565257073959,0.839485894368915,0.213326475855507,0.645532172669691,0.0466097416431656
0.248668146199232,0.224086881718169,0.144714091656309,0.109063274833674,0.24099384535461,0.0653698371211236,0.182635830793871,0.359612717191762,0.250155813326687,0.400765469044225,0.0665245734937501,0.904035376930058,0.00237244048503029,0.568364819512648,0.181664668294026,0.1569123936571,0.107568122401791,0.0776812837589546,0.0878117764588893,0.096243380167867,0.406702859155538,0.42108102845637,0.161314560487101,0.851759128679649,0.221699099151171,0.643080049003408,0.0480610157159687
0.242332312299489,0.224421543891556,0.14079232058479,0.107721815860176,0.231040386751927,0.0681165041777633,0.170855705219987,0.346409774594905,0.249427476014371,0.415622196184793,0.068358605787863,0.891225205745353,0.00343096340150571,0.576722672095235,0.185717580199353,0.160593889575458,0.108859577478427,0.079001202827004,0.0890378261431756,0.0973594559135958,0.415832566761167,0.428119012724347,0.170707259888182,0.863996297423675,0.22904152373927,0.641993789587966,0.0494820873205265
0.235857754889067,0.223841912603216,0.137239411110603,0.106010802625771,0.221097577838025,0.0800767706700337,0.159887468416931,0.333709412053741,0.249288123081192,0.432354788261636,0.069432841917615,0.878056669687413,0.00429297505200667,0.585988225954234,0.18974645620725,0.164082296623879,0.110223999910053,0.0801336958002457,0.0903006457901882,0.0984628163924574,0.425434125248181,0.436120953175438,0.179675437984398,0.875933395715771,0.23507691401547,0.642492077946899,0.0508822374083071
0.229597912320725,0.22258654173871,0.134044655861984,0.104033232680635,0.211311640814835,0.0976099090705935,0.149816589934098,0.32180089697574,0.249497107946352,0.450566071723816,0.0697415169342815,0.864517632759355,0.0049287133264244,0.596119788005483,0.193668631746608,0.167332486309395,0.111698701472429,0.0810908920024878,0.0916028885494834,0.0995868094934888,0.435434281569941,0.445246657581513,0.188162036992171,0.887229208385338,0.239503420375755,0.644735531345752,0.0522765054882363
0.223917852498034,0.220951112699908,0.131201534908863,0.101922446434,0.201825562089785,0.117655450397087,0.140711151844368,0.310899665289252,0.249765352576395,0.469867503029657,0.0693246818626674,0.850614079986903,0.0053274434367258,0.607022169782276,0.197400138851139,0.170311614007551,0.113319564150523,0.0818917786082581,0.0929436147480322,0.100766397838015,0.445723137912862,0.455630570378467,0.196118077790851,0.897471290781589,0.242005204295013,0.648818963389482,0.0536825877376719
0.219152974530588,0.219264963072215,0.128693892082709,0.0998238756035792,0.192773656237038,0.138348286600289,0.132618973131786,0.30112910887701,0.249793782170925,0.489888513760712,0.068261254515242,0.836377038546941,0.00549043795358975,0.618551271232548,0.200860277852646,0.172998640894116,0.11511993076498,0.0825615083929115,0.0943176654800661,0.102036187446871,0.456154442813226,0.467373370097381,0.203501390748314,0.90618838773737,0.24226847434989,0.654774942670873,0.0551181390340315
0.215566147524667,0.217861327740909,0.126484760620613,0.0978810964425379,0.184276747295504,0.158616213363608,0.125566018741664,0.292512394714352,0.249312585604381,0.510283394787674,0.0666639079726058,0.82186496351369,0.00542820462107634,0.630520876152565,0.203976508561714,0.175381787028139,0.117130292933059,0.0831306063054009,0.0957152003349642,0.10342827702794,0.46654756501504,0.480534846901888,0.210277362318755,0.912869705598911,0.240002243023892,0.66258848203982,0.0565986540059186
0.213311912516424,0.217043237197902,0.124510495444226,0.096226212022287,0.176438267179746,0.17783412261565,0.119556437433577,0.284976105045772,0.248113524411704,0.53073687710392,0.0646750782435204,0.807162094716135,0.00515891407133389,0.642710364624826,0.206689686617416,0.177454572255877,0.119378747256241,0.083634073194606,0.0971214500294103,0.104970051945017,0.476691151899607,0.495128127211868,0.216422028306325,0.916990818424247,0.234962888105991,0.672219962951439,0.05813604438708
0.212416856830338,0.217049519534054,0.122681585530779,0.0949741451452588,0.169341521724476,0.195639877627432,0.114574337786102,0.278365242886709,0.246070859052044,0.550968916861004,0.0624630240652231,0.792373539184261,0.00470723134984641,0.654872338927958,0.208959631266592,0.179211646324718,0.12189206969478,0.0841103795034966,0.0985167254835855,0.106682061479408,0.486348529128744,0.511115267272499,0.221927653819246,0.91804544301483,0.226980884112107,0.683631193263952,0.0597380785875757
0.212781851234073,0.218027144375932,0.120889948741917,0.0942200940028645,0.163048262873047,0.211841679633791,0.110587110769878,0.272466792222085,0.243149589382916,0.570738733009453,0.0602164349278844,0.777617983970729,0.00410340737451872,0.666739577415982,0.21077095008478,0.180645844704294,0.124697227439284,0.084600359941101,0.0998766778670395,0.108576093959339,0.495264866595381,0.528404395450047,0.226810748582353,0.915581994335262,0.215987336403937,0.696808186253736,0.0614088225640595
0.214205251918944,0.220016012609531,0.119021130086803,0.0940391782817959,0.157598549699705,0.226368051588542,0.107549820158879,0.267037471472799,0.239401928508174,0.589847922886424,0.0581357481262055,0.763019035325911,0.00338285034412428,0.678031010038528,0.212138973207143,0.18174782742901,0.127823204307605,0.0851460559931319,0.101172736370365,0.110653501608036,0.503175964854199,0.546848766446481,0.231122219536205,0.909243778042871,0.202037401167127,0.711774026709911,0.063150034532818
0.216419718466189,0.222949679533875,0.116969037757116,0.0944872095072591,0.153011723394035,0.239236816427051,0.105409979433351,0.261831106328572,0.234954228573726,0.608142424403405,0.0564194996871021,0.748696182676553,0.00258688719898384,0.688456462798179,0.213115534979227,0.182509252167634,0.13130312527776,0.0857895866346463,0.102372611118313,0.112903752613575,0.509818321730648,0.566248261126876,0.234958996183485,0.89881181623971,0.185327571771934,0.728586314564476,0.0649631396627694
0.219132413406438,0.226671246044943,0.114650775366293,0.0956016119030313,0.149288207108167,0.250532450005936,0.104111970996488,0.256622034826012,0.229987206396816,0.625513122135632,0.0552452832011346,0.734756286404921,0.00176651230681813,0.697719885822046,0.213794147554821,0.182929637250861,0.135176771154937,0.0865721334707866,0.103440787587154,0.115303130413189,0.514940100651244,0.586354081641876,0.238475932343927,0.884249427759639,0.166204341945602,0.747316345266942,0.0668511442858657
0.222059844515611,0.230959735293221,0.112019573943765,0.0974018358592043,0.146411797055496,0.26038720892402,0.103600472902715,0.251222524041258,0.224712539101622,0.64189497165859,0.054747552601418,0.721286329785819,0.000993520087770229,0.705520891142812,0.214313814707592,0.18302590635248,0.139493614536491,0.0875330913534573,0.104339057635494,0.117813488628242,0.518312802030495,0.60687763479453,0.241896056011809,0.865747492424552,0.145162944631074,0.768011128917606,0.0688198759333695
0.224952588285309,0.235560442189661,0.109074460424151,0.0998890901468908,0.144352139968077,0.268964244978965,0.103822517181547,0.245493668890478,0.219348885993645,0.657264625985199,0.0549977482599974,0.708348004026976,0.000385955154056226,0.71155475618822,0.214860348781427,0.182842324079071,0.144316437824615,0.0887093673323898,0.105027281690667,0.120381047679187,0.519743691753141,0.627504679862654,0.245516356534031,0.843768505512173,0.122836742025571,0.790643656527562,0.0708782304690886
0.227609074773036,0.240213360384931,0.105865813204405,0.103045711507704,0.143067183905315,0.27644227099116,0.104728128509026,0.239350276299392,0.214100168203075,0.671636663527653,0.0559936985853068,0.695974506007635,0.00012299256846469,0.715511434975099,0.215663662543938,0.182457638623455,0.149725389815402,0.0901347354965807,0.105464703383803,0.122935382985498,0.519089136510154,0.647915469864262,0.249705543142803,0.819085783380068,0.0999809038418207,0.815060236259706,0.0730374656702566
0.229880115076767,0.244675911943063,0.102496165733204,0.10683479928078,0.142505519866112,0.283001987067467,0.106269779427897,0.232760735237248,0.209138409151285,0.6850586151143,0.0576627682883083,0.684169694120124,0.00030934009173818,0.717074369546645,0.216989286018499,0.181986326783783,0.155822007423525,0.0918391098096775,0.105612223139225,0.125388898485185,0.516268849416296,0.667810712662249,0.254890154079614,0.792811169283873,0.0774604991692938,0.840935106324144,0.0753098714750664
0.23166680416714,0.248738549331207,0.0991155158007369,0.111200753354406,0.142608653590004,0.28881473128266,0.108401073869157,0.225742952988986,0.204592557136832,0.697605064443824,0.0598776238438173,0.672909489496006,0.000814417068442697,0.715919994153308,0.219122596011059,0.181572231865765,0.162732343971475,0.0938476198063416,0.105436101107892,0.127637103594661,0.511280772973583,0.686941851598106,0.261526779307314,0.766399911457824,0.0562722651307653,0.867741278918072,0.0777073184139126
0.232914365956854,0.252233543894376,0.0959101798869306,0.116071100066195,0.143313310308547,0.294033825970726,0.111075115135428,0.218357293116381,0.200543594130201,0.709371153860421,0.0624786470521127,0.662145196295263,0.00145420908974266,0.711718843924143,0.222345282866957,0.181375468874759,0.170608051544801,0.0961794870029801,0.104913631917475,0.129559963333251,0.504216053969041,0.705142718951981,0.270061475576772,0.741615166013868,0.0377006371624173,0.894742941706484,0.0802402099790941
0.233604003892976,0.25503820676976,0.0930843390395027,0.121359630337683,0.144553862534971,0.298788927493392,0.11424296091163,0.210697258149081,0.197025125000046,0.720465858562382,0.06529604887963,0.65180829071003,0.00212485111277801,0.704139093707465,0.226905536681187,0.181556631855461,0.179624232162623,0.0988469006407711,0.104041414176279,0.131024591499239,0.49527331256906,0.722358375642478,0.280882228490292,0.720429126267955,0.0239535229692462,0.921009869439611,0.082917248183703
0.233744249712388,0.257074071936643,0.0908344846301876,0.126970576492356,0.146264897431257,0.303183417531354,0.117852471105811,0.202878540833064,0.194027827219117,0.731005384919202,0.0681671471265597,0.641816181671883,0.00277999005672137,0.69285311848995,0.232985867059979,0.182265060352293,0.189973213608539,0.101854363886285,0.102846886594964,0.131889657397159,0.484771079090786,0.738666123474939,0.294274530575423,0.704839986932388,0.018948747687484,0.945449813265273,0.0857461577344427
0.233362814693397,0.258303476124063,0.0893194355555964,0.132803402241412,0.148383831052524,0.307294567306557,0.121847754205277,0.195027080389959,0.191505876596063,0.741106994624496,0.0709474868971417,0.632078446911224,0.0034008060944828,0.67754735335482,0.240674292235795,0.18363888072561,0.201854123447343,0.105199291107274,0.101403731714128,0.132012081728453,0.473156689040472,0.754283336143756,0.31039093022669,0.696604959281571,0.0222291906120091,0.96685234627601,0.0887351355176604
0.232499557154212,0.258724708914378,0.0886319275386298,0.13875776358187,0.150853366018408,0.311175935618386,0.126169317542436,0.187266902639742,0.189383813923576,0.750883469309442,0.0735166036193774,0.622503084115146,0.0039819704820934,0.65793541407632,0.249944641365678,0.185822508000589,0.21545909330282,0.108874907861218,0.0998513387616237,0.131256961610886,0.461008898665642,0.769557027165633,0.329241384544415,0.696934607251413,0.0270325951566644,0.983937968415961,0.0918945034407368
0.231200861150769,0.258366601361685,0.0887798898959122,0.14473825974142,0.15362352066968,0.314861287647025,0.130754908293667,0.179708736970813,0.187563056580819,0.760438347594076,0.075779948589551,0.613002386650888,0.00452530530952289,0.633774126761199,0.260649508733097,0.18900189592804,0.230957850747198,0.112876635812433,0.0984172459738126,0.129512310715209,0.449030009953177,0.784931349850764,0.350704306544693,0.706242861485765,0.0298616499084183,0.995408781912931,0.0952380868646281
0.229515461784347,0.257283141130358,0.0896838884715735,0.150658673019626,0.156652962167969,0.318369274656077,0.135540899884042,0.172440576722966,0.185928006211284,0.769862015509369,0.07766837705804,0.603498151268669,0.00503641611471506,0.60488183521537,0.272525906397778,0.193449938536062,0.248483012401722,0.117213039009065,0.0974384362181703,0.126711309557247,0.438021858469089,0.800892085885505,0.374552217489242,0.724053742474704,0.0299008701315662,1,0.098784187655171
0.227491563096404,0.255548476883529,0.0911915850064453,0.156445458158043,0.159909450974622,0.321708187826647,0.140463976667667,0.165521332645324,0.184352163866039,0.779228700879373,0.0791362229431586,0.593926043140624,0.00552250811072742,0.571158154529978,0.285210599039513,0.199566007934816,0.268118335186981,0.121921962312641,0.0973718109896104,0.12286658729064,0.428839814164651,0.817891792764201,0.400483592221385,0.749103131612681,0.0274243582434747,0.996533364131801,0.102556362120579
0.225174990869508,0.253252492959533,0.0931037449994114,0.162040283901553,0.163369317948137,0.324880254693869,0.145462841189443,0.158978416939011,0.182704740987909,0.788594389094748,0.0801586417158212,0.584239059856932,0.0059907580767217,0.532604320274417,0.298260788600456,0.207887705260316,0.289891509225242,0.127091553649463,0.0987778111495821,0.118123763941532,0.422321853620556,0.836264713713513,0.428153700261224,0.779582114250431,0.0236865462961612,0.983973712121732,0.106584280601772
0.222608100687311,0.250496972146004,0.0952033643322469,0.167401475984613,0.16701601358355,0.327885135540499,0.150479707070073,0.15280952137789,0.180858003906426,0.797995641874901,0.0807286545696451,0.574410100446672,0.00644704865130682,0.489343787726387,0.311176396479195,0.219054281353022,0.313772051889871,0.132884214682273,0.102261604265131,0.112844187250056,0.419197451755681,0.856144930469421,0.457200125080129,0.813420096248107,0.0216278028822546,0.961488887113059,0.110904723906813
0.219829191786257,0.247392216217572,0.0972808905185227,0.172504288764958,0.170837885614298,0.33072246030633,0.15546140302451,0.146988173424481,0.178695168156061,0.807449278656058,0.0808541584468127,0.564433615897833,0.00689503234889579,0.44164430248395,0.323421835023364,0.233715089368624,0.339673874941458,0.139559014935798,0.10837480565,0.107724117847892,0.419992581032394,0.877402737059794,0.487261414968802,0.848524930984067,0.0252432265341542,0.928511628818479,0.115562445721799
0.216872227626168,0.244053874832703,0.0991521101437918,0.177340044494214,0.174825465210969,0.333393398925008,0.160359975878569,0.141472059055259,0.176118273444558,0.816952872916797,0.0805550623853565,0.554326231120502,0.00733553794126726,0.38994608656025,0.334446795561375,0.252401818730171,0.367461429092998,0.147485066582966,0.1175139916794,0.103931196285521,0.424956643728539,0.899611811803485,0.517989165163777,0.882947239241038,0.0349867929372554,0.884800681783456,0.120610408275141
0.213766722653417,0.24059966587736,0.100668461259017,0.181914293085892,0.17896864521214,0.335901364108456,0.165132761334369,0.136212751237793,0.173055266549032,0.82648600313392,0.0798606501162696,0.544126195550548,0.00776632439703726,0.334908591838316,0.343706540523493,0.275405791057566,0.396958061465194,0.157136275333723,0.129867215452341,0.103154754331512,0.434036076131011,0.92205377522061,0.549054720904577,0.914975186734846,0.0484778813029822,0.830497603806464,0.126108890748342
0.210537721022517,0.237145693186239,0.101721203742539,0.186244222350118,0.183254150232833,0.338252001652154,0.169742008293606,0.131165464939223,0.169465523777048,0.83601216814829,0.0788072271828935,0.533891618532077,0.00818216097762315,0.277509425085297,0.350682416250284,0.302701831386642,0.427955284850441,0.169059491352352,0.145429622617399,0.107350681014641,0.446904323102842,0.943759333869513,0.580151935656538,0.943181361668439,0.0639673365670463,0.766176176358322,0.132123172160895
0.207205859358789,0.233802211527798,0.10224127091477,0.19035557992441,0.187663601672116,0.340452641350825,0.174154259627721,0.126297736375953,0.165343205174426,0.845481241981299,0.077436082175809,0.523697640314444,0.00857518658965472,0.219294481868722,0.35490314299235,0.333935946761571,0.460221928447623,0.183815641512529,0.164063131700708,0.118089041289757,0.463036769751563,0.963579312992679,0.610997333096079,0.966442617790805,0.0805048873863024,0.692883651565945,0.1387198605065
0.203787555926896,0.230668924046558,0.102196367950095,0.194279373053179,0.192172331000542,0.342511382568958,0.178339736244656,0.121596344195999,0.160718072139985,0.854832324940427,0.0757917785123586,0.513632872717191,0.00893548530862959,0.16310126138535,0.355967284962349,0.368465701105291,0.493512473664495,0.201905204494383,0.185560244087195,0.135965716959269,0.481805380473821,0.980275680712756,0.64132876411177,0.983947066166452,0.0975416748853289,0.61217881905974,0.145962426008004
0.20029538852072,0.227830132091828,0.10158645341823,0.198048606816771,0.196748977177373,0.344435986226006,0.182271913455737,0.117072172297356,0.155653658126706,0.863996854522042,0.0739207811034913,0.503795545568747,0.00925180822266469,0.115300426587054,0.353567390754342,0.405429559591723,0.527574153305021,0.223698182086039,0.209689149391972,0.160652066026288,0.502567824533476,0.992621727301772,0.670903314579367,0.995195569163986,0.114748955366876,0.526184953469715,0.153906945138946
0.19673870747527,0.225350207136524,0.100438361948429,0.201695301683208,0.201355841404248,0.346232737557868,0.185927366828442,0.112762934027153,0.150242943444235,0.872901856185722,0.071870393410587,0.494289821971005,0.00951237209387375,0.0906732851299108,0.347516666418575,0.443825274900099,0.562152564014065,0.249387140094959,0.236217661589273,0.191376093094381,0.524735538737173,0.999501421769111,0.699494967082844,1,0.131942164274061,0.437707343675422,0.162599198292364
0.193124485329351,0.223269898009288,0.0988000597614618,0.205247987975271,0.205949931080501,0.347905423362205,0.189285862003139,0.108733689946734,0.144601943361427,0.881473211711925,0.0696879384463564,0.485222717926403,0.00970567048028478,0.104785747853079,0.337779680717566,0.482586681256337,0.596995647299165,0.278970682841845,0.264922450330044,0.227301521735053,0.547816186370546,1,0.726892456951845,0.998477358347847,0.149039192337156,0.350547271413535,0.172073923980268
0.189458347550713,0.221603944576825,0.0967348597415571,0.208729810562202,0.210484578519243,0.349454533664355,0.192330595759397,0.105074917689938,0.138861833050458,0.88963878999312,0.0674200824287322,0.476701970251474,0.00982124076630138,0.147121701934613,0.324509607251791,0.520654920901684,0.631855990410203,0.312262633186163,0.295590298123764,0.267663287796065,0.571433197627446,0.99347999773356,0.752897791972373,0.991037312826158,0.166029373380638,0.270351599687247,0.182356418277826
0.18574567538184,0.220340359500142,0.0943158257576011,0.212157306140896,0.214911468343705,0.350876760362022,0.195048466709666,0.101897639152374,0.133160359891463,0.897331244672249,0.0651121926718451,0.468835029107967,0.00985034002288136,0.200336063127658,0.30809610341619,0.55704263978497,0.666491515295842,0.348916661892848,0.328015691140055,0.311769679111328,0.595327909213575,0.979638966164097,0.777325868563057,0.978360545213904,0.182947076492056,0.206603836299078,0.193466187761046
0.181992634143632,0.219441572856843,0.0916205423697585,0.215539850833837,0.219182854347797,0.352164833408648,0.197430264603246,0.0993249972943126,0.127633332559699,0.904490265018376,0.0628076508999413,0.461729121730586,0.00978649413860222,0.256347436808375,0.289230024234715,0.590889767197781,0.700664763175937,0.388457342847925,0.361996905384078,0.358968300475922,0.61934980573499,0.958547436740346,0.800005495957327,0.961366042666287,0.199849544562486,0.174142297469126,0.205422192873843
0.178206972966958,0.218847425282873,0.0887264080748827,0.218879719630781,0.223253701659142,0.353307710017958,0.1994707146299,0.0974799984541179,0.122406956716922,0.911064073612179,0.0605471010471803,0.455492071898948,0.00962589761308554,0.311828083760398,0.268992082061281,0.621508942684291,0.734141128057756,0.430312486586448,0.397331491555386,0.408614677495796,0.643439132662855,0.930667893842545,0.82078199392814,0.941166845446213,0.216800085963033,0.182017845731406,0.218249219085551
0.174398478260263,0.218479766393156,0.0857066178781162,0.222172647965125,0.2270834832454,0.354291109798544,0.201168380421314,0.0964701120542702,0.117591722296406,0.917009992142702,0.0583676824502945,0.450233303217153,0.00936765334922769,0.365168843358131,0.24896547051665,0.648418378375415,0.766686525720344,0.473844754438699,0.433811505320888,0.460052365011717,0.667604773834678,0.896856432091253,0.839521376707652,0.919015279390421,0.233857501249512,0.21715984065711,0.23198490644081
0.170579038057248,0.218248202236384,0.0826270060506465,0.225408746911029,0.230637421673727,0.355098363216482,0.20252548412805,0.0963709192409381,0.113278402627963,0.922293977383242,0.0563023745819298,0.446064255066839,0.00901385162220253,0.415477694192393,0.231338234371052,0.671360182371147,0.798065086502191,0.518382008351327,0.471218712865321,0.51260388490052,0.691899306240894,0.858348118654805,0.856115975910806,0.896239923881113,0.251071921627709,0.260715061834161,0.246686804170976
0.16676235992091,0.218056398683986,0.0795438913788573,0.228573617137178,0.233887091574346,0.355711508744793,0.203547715755477,0.0972123483950737,0.10953644224244,0.926889198373179,0.0543796343471648,0.443097361374583,0.0085694966543471,0.462241573488877,0.218869026859573,0.690302950181435,0.828037504891948,0.563246090190104,0.50932012897657,0.565569981557327,0.716392631353196,0.81672526659893,0.870491195989091,0.87417717334885,0.268486762294167,0.302008854712619,0.262438349880493
0.162963448193413,0.217808346115345,0.0765029950454648,0.231649537744802,0.236810440166892,0.35611253763206,0.204244081953756,0.0989712162233515,0.106414587384171,0.930773932400486,0.0526235005451092,0.441442838967974,0.00804229892005918,0.505199970797434,0.214469687209853,0.705428691982074,0.856360638886964,0.607779489325812,0.547864446869164,0.618234951100858,0.741145348045803,0.773864757692906,0.882612912873746,0.854100215977117,0.286146555149659,0.336257490031905,0.279352016490514
0.159197969007922,0.217414114625757,0.0735393989690809,0.234616649752489,0.239391390778923,0.356284656012865,0.204626814251868,0.10157223924175,0.103943163638126,0.933929187965,0.0510542558080756,0.441202830686964,0.00744236057321132,0.544294339071646,0.220284693908696,0.717105653986039,0.882788814740152,0.651369114855713,0.586580032840377,0.669876382692541,0.76618298396206,0.731855909210878,0.89249480386121,0.83714785157811,0.304110866194891,0.361461049285377,0.297567525768473
0.155481616493859,0.216794790935656,0.0706784025110448,0.237454085828908,0.241619235487278,0.356213426633984,0.204711323993848,0.104896990392827,0.102137104226546,0.936336462655817,0.0496896049573925,0.44246294782061,0.0067817895826325,0.57964720517212,0.236797905610872,0.725850010437229,0.907077068501463,0.693466307683025,0.62517509232818,0.719778063988779,0.791472414966663,0.692875550108782,0.900204709486942,0.824255418762115,0.322474773689199,0.37700655880377,0.317243437166571
0.151829557092167,0.215886412272159,0.0679370372316367,0.240141016926256,0.243487984126696,0.355887672518842,0.204516144500696,0.108797929060052,0.100998810945955,0.937975945692056,0.0485461876376307,0.445281922810774,0.00607428534264975,0.611551899765066,0.262842188756055,0.732280542874735,0.928986270346987,0.733602284764423,0.663340391670569,0.767244976492657,0.816902254883639,0.659007048320989,0.905869090154547,0.816090989208564,0.341395764367978,0.383069719168385,0.338541530148822
0.148255990820222,0.21464278790367,0.0653259304988416,0.2426575967746,0.244995726911106,0.355300067422897,0.204062758436673,0.113113793442945,0.100520209932303,0.938825329165338,0.0476411096323414,0.449680793120814,0.00533474358537515,0.640462417320276,0.29645076476301,0.737071045566187,0.948289761763032,0.771398302266394,0.700754612233772,0.811619340837166,0.842269403501221,0.632003899874509,0.909674781723421,0.813002136374343,0.361124808346631,0.380316960869575,0.36160485338904
0.144773842504878,0.213037141204882,0.0628511915723137,0.244985783452022,0.246143949057253,0.354447391621661,0.203375207093227,0.117683333110547,0.100683852555647,0.938859237626401,0.0469930804899779,0.455633543647577,0.00457893035249452,0.66697590131363,0.33568457227936,0.740904985031751,0.964780828134222,0.80656991533909,0.7370920464503,0.85229669707361,0.86727392409531,0.613032535911063,0.911867518274756,0.814980892424976,0.382035663849401,0.369725597385521,0.386531841082798
0.141394582180394,0.211062535383211,0.0605160451811598,0.247110008138702,0.24693670544261,0.353330481085604,0.202479422995695,0.122355757369713,0.101463405355752,0.938049161376025,0.0466227410552621,0.463061175783528,0.00382327735836636,0.691801878912903,0.378997437460093,0.744435849514257,0.978280074261364,0.838924868930169,0.772031931408815,0.888741082148424,0.891523818684959,0.602471535211761,0.912747006580802,0.821654896054903,0.404641830747761,0.352457109535521,0.413350311958514
0.138128166321094,0.208731110709038,0.058322048911102,0.249017659744732,0.24737964772028,0.351953930080567,0.20140229157204,0.126997545099541,0.10282413407667,0.936363712709763,0.0465518958585897,0.471830666385812,0.00308486274669157,0.71571421910115,0.425262662298056,0.748255118692818,0.988641601911265,0.868354455786757,0.805268328639708,0.920498503724642,0.914550206538574,0.599857360146341,0.912658639175377,0.832309777216774,0.429586926546894,0.329759702370186,0.441996255718731
0.134983089717624,0.206072285934133,0.0562698659180367,0.25069936846122,0.24747900233699,0.350325618605549,0.200170510553089,0.131496023595038,0.104723908318036,0.933769023041575,0.046801616493345,0.481759390203459,0.00238166407443018,0.739484518090725,0.473670036182617,0.752868526334494,0.995756846982604,0.894818625613198,0.836519218159296,0.947208098876911,0.935832150479316,0.604016586499318,0.911982146559865,0.845942185850497,0.457594745040792,0.302891087236373,0.47230281681488
0.131966538541416,0.203130193828017,0.0543596803808959,0.252149096797675,0.247240629590249,0.348456132538604,0.198809368361762,0.135760415179661,0.107114953146369,0.930229160942761,0.0473894828401802,0.492624565566455,0.00173317512601987,0.763799546480728,0.523602257152386,0.75868061766429,0.999555084815369,0.918325689821531,0.865533498814846,0.9686105742492,0.954829194885041,0.613335391902843,0.911117553123881,0.861337039588253,0.489372978490113,0.273058008885976,0.504004536094551
0.129084629748709,0.199960629140364,0.0525914073158357,0.25336407317838,0.246669268029846,0.346358133184357,0.197341594728805,0.139721073697586,0.109946266099499,0.925706571702678,0.0483264943141484,0.504176404295041,0.00116134201866472,0.789170366908303,0.574527184594395,0.765987447409862,1,0.938908129469318,0.892094953161577,0.984553701888734,0.971018825625735,0.626060324901879,0.910468730808193,0.877159044460568,0.525479605362542,0.241371398775087,0.536760473123431
0.126342706656798,0.196627694809468,0.0509648462019515,0.254344619950597,0.245768052607546,0.344045720215567,0.195786437055948,0.143327556241493,0.113166420248813,0.920162680086057,0.0496143314952873,0.516153148902652,0.000691129559503024,0.81584557140666,0.625914361578788,0.774977362726162,0.997082310610844,0.956596748776248,0.916022851452549,0.994994772313236,0.983935622875632,0.640538321415111,0.910424775777526,0.892048229993346,0.566177643657831,0.208817601754174,0.570197160825194
0.123745641631531,0.193200259653337,0.0494798686132306,0.255093927229782,0.244538390609927,0.341533821515909,0.194159084736363,0.146546072882623,0.116726389623814,0.913558874539963,0.0512436069944969,0.528296172320558,0.000348270231242345,0.843743626973497,0.677176601323916,0.78573978971296,0.990809136293839,0.971396101657127,0.937169430689229,1,0.993208735851557,0.655358167144611,0.911339557071918,0.904711281768903,0.611312840562409,0.176248289007234,0.60396843402428
0.121298087691216,0.189748370581637,0.048136645475045,0.25561780688797,0.242980243990387,0.338837635538603,0.192470511485245,0.14935674771696,0.120582040750444,0.905858033323159,0.0531935003950285,0.540363657609096,0.000150007979121898,0.872417756315657,0.727635700584881,0.798281384890133,0.981191469656159,0.983264552307691,0.955414792063429,0.999740958680427,0.998594342180822,0.6694015001427,0.913510197738826,0.914003199264352,0.660243706577952,0.144396502797086,0.637824164011347
0.11900463003288,0.186339846237045,0.0469358462155789,0.255924435888934,0.241092800926484,0.335972145681299,0.190727740129006,0.151751015587956,0.124696012466919,0.897026588049958,0.0554328217712275,0.552141825488832,9.03162960941458e-05,0.901061325078545,0.776510528337767,0.812547737405665,0.968231620970094,0.992102301791693,0.970659978428501,0.994488199507666,1,0.681830198226827,0.91715586615689,0.918995842987641,0.711837198886288,0.113940156645029,0.67167411245369
0.116869810476876,0.183037310370362,0.0458787063823881,0.256024075978042,0.238875467621039,0.332951721338205,0.188934461476511,0.153729375045649,0.129038816611993,0.887036955073719,0.0579222463214344,0.563453102215499,0.000135423274154792,0.928554588409111,0.822924754196659,0.828447410355805,0.951912777010195,0.997750082693817,0.982819341309487,0.984602285840388,0.997498342352986,0.692036726177471,0.922398852641324,0.919030714039049,0.764526141249576,0.085681278605606,0.705627413089826
0.114898024733346,0.179895855729204,0.0449668732982577,0.255928744390071,0.236329105484366,0.329789815219647,0.187091881661206,0.155299619290309,0.133589096445685,0.875870089271264,0.0606172992553458,0.574161011241419,0.000239002549378332,0.953547480081054,0.865930415172487,0.845874030092293,0.932192811187236,1,0.99181368624852,0.970522635657346,0.991328376834592,0.699577770816098,0.929250222775613,0.913753176952333,0.816414170928352,0.061082132910185,0.739985039875906
0.113093322926181,0.176961400083679,0.0442019927680846,0.255651809691602,0.233457466096593,0.326498759724474,0.185199659339009,0.156475575443615,0.138333068376867,0.863517948906468,0.0634716277611018,0.584171943508189,0.000360107669152009,0.974569397390831,0.904542755698385,0.864721702760993,0.909004181733828,0.99861833064804,0.997565831283393,0.952754890762968,0.981883626097258,0.704106162388622,0.937602186933427,0.903125082006413,0.865411853878742,0.0438577881541917,0.775166004924428
0.111459169824694,0.174269666524237,0.0435850716587554,0.255207496373163,0.230268782786273,0.323089658218833,0.1832568235797,0.157276307638323,0.143263253528202,0.849985767272065,0.0664401299244728,0.593434275550149,0.000469686132971106,0.990155815703012,0.937781687263534,0.884889412522068,0.882261169044511,0.993378210553725,1,0.931858017244168,0.969687378542974,0.705312808171674,0.947228638632705,0.887413121175658,0.909390067635309,0.0411237874279294,0.811561693993268
0.10999822633439,0.171845628045277,0.0431157199651695,0.254610296702771,0.226777419078197,0.319572362770329,0.181262601958217,0.157725689158065,0.148376676351438,0.835294124069852,0.0694815989591447,0.60193548932054,0.000549116652208369,0.998982484262758,0.964715836478505,0.906271378697179,0.851874921094228,0.984098336978318,0.999045934644197,0.908432810257468,0.955356406699062,0.702887917400248,0.957794205867846,0.86715161896309,0.946340026197895,0.0532051323895001,0.849336800509471
0.108712194921829,0.169703220608414,0.0427914275990081,0.253874303834864,0.223005378463016,0.315955527105388,0.17921711288634,0.157852222600479,0.153672751286555,0.819480818139757,0.0725606628580188,0.609697969663105,0.000587139695173006,1,0.984506092921736,0.928732694833081,0.817775937212733,0.970682525703152,0.994647856351556,0.883113661921294,0.939555708696236,0.696507764619408,0.968870970628421,0.843080574085971,0.9745316968282,0.0719177919857571,0.888222697446978
0.107601743156057,0.167845168651475,0.0426070537898906,0.253012494366611,0.218983425484731,0.312246719326538,0.177121893976671,0.157688978831856,0.15915108847865,0.802602468429765,0.0756489221182231,0.616774054663655,0.000577705655343495,0.99256361869303,0.996446390261197,0.952072706275204,0.779942866139017,0.953154553620095,0.986777562432483,0.856565100262751,0.922948041637605,0.685848980504177,0.979961113708342,0.816062167416229,0.992663846603856,0.0925862014625055,0.927366120271495
0.106666491114983,0.166262887116025,0.0425546852350542,0.25203600130138,0.214751595395859,0.308452574722302,0.174980262156105,0.157273530441458,0.164809441666727,0.784735689482105,0.0787252905998092,0.623240765642393,0.000519063348131592,0.97655422469762,1,0.975981834919644,0.738435984279981,0.931683188708308,0.975450205612651,0.829483574187291,0.906142903040597,0.670627293072529,0.990523245312393,0.786981591368847,1,0.113612719737894,0.965290598895982
0.105905019102255,0.164936581141034,0.042623943578931,0.250953428270806,0.210358948638047,0.304578969719823,0.172797525685924,0.15664776890148,0.170642005011458,0.765977641221138,0.081775618455888,0.629194504159874,0.000413907336946426,0.952485876233327,0.994829933107296,1,0.693433696825783,0.906593359028396,0.960740765571699,0.80260322915944,0.889649875118962,0.650652929928207,1,0.756641224911164,0.996485122403046,0.1344095960694,1
